2100
6613
401
594
521
6006
7760
8014
7317
6365
7000
1483
2047
3144
2251
4760
8708
1336
6242
6405
8384
1485
7866
6108
6802
293
7363
9729
3531
819
7188
4979
1473
3920
2316
6508
9687
4953
5688
2548
9439
6531
353
1116
4983
98
7583
1490
2204
6235
3725
5428
5785
1764
8561
7839
7101
7285
2210
8437
1655
7037
2119
506
3900
3515
9596
1105
3500
8191
2184
798
6204
2332
5317
1716
7800
9287
8870
613
4817
7685
9499
6271
2744
3320
2113
8758
5505
2474
7147
2981
2562
9867
3465
7239
840
4789
7580
7205
9526
6956
3650
5657
7021
954
743
596
3333
2368
1966
9898
9992
4989
3117
2410
6881
7610
597
6590
1125
5699
5246
2980
3680
8002
5666
9981
9756
3564
2473
695
3373
928
1168
2772
9588
1719
5302
6571
8638
8718
8512
5729
1129
6192
2364
2303
8598
5813
693
6188
3476
8975
1341
700
1678
9786
2521
414
1003
7190
5389
7545
6136
6199
7252
977
537
4281
2001
8024
3595
9496
390
1085
2627
926
5437
5445
769
7002
696
4094
7543
5969
2194
3945
877
6493
9802
6391
6220
9965
1119
3
3158
6678
8988
7271
3216
8985
7287
2618
6344
2263
2215
2151
2079
3501
3603
690
2765
3005
1595
1200
8935
6577
4139
3777
1032
6435
9713
8122
321
4945
9532
4631
6965
853
3764
4954
1628
7732
7440
2566
8465
4820
3961
4376
9203
727
4437
305
5529
1477
4977
371
6473
3447
3486
5331
8636
1449
9332
4643
3544
5797
3499
66
9663
935
3738
3617
195
1298
7570
2510
2813
4318
4272
3033
9836
291
1728
4636
8366
2295
8033
641
6444
8536
4601
4920
1419
9586
3292
4078
7448
3420
6931
5858
2373
7739
1594
1390
4422
8049
7773
1591
3052
9231
429
4662
6387
9447
1978
4244
635
1383
6129
386
8497
4470
7926
8672
1950
5846
9408
1965
4969
3191
4135
502
2167
6541
7444
4235
1876
3060
4745
4582
4289
5872
1686
6962
3751
7723
1509
1501
845
7137
204
8240
3761
94
1993
9413
6295
5035
3369
684
9618
9966
7402
1142
6354
1244
9450
3218
5458
7780
8284
6121
3649
3569
1524
8539
3061
4223
4062
1117
984
6518
5300
9014
9004
771
1472
5638
7871
8770
2475
4356
6536
1673
2062
5912
4913
7427
7711
4781
4721
8505
536
1211
9186
7191
1644
5915
3913
7955
5241
5172
4707
177
5692
7484
555
6021
5580
4988
2544
7129
9361
2869
2589
9736
9755
575
7105
8358
4284
6028
7181
6390
7509
3401
196
6651
4185
1869
7107
4849
4944
8373
9442
6703
6472
8922
5223
6437
1693
497
2682
4249
8780
19
844
8573
9305
32
1940
1429
10
8762
7910
1967
619
8410
520
1696
131
2244
8732
3658
7656
9124
4972
301
2916
6263
612
7889
7595
5052
5086
5751
5593
5383
5482
7703
7619
6560
3664
8753
9947
5513
4170
929
1203
5603
4053
4626
6538
7349
4848
7028
9292
5592
4113
4971
1667
9603
3418
7749
7116
886
1438
7719
4992
6656
4795
3227
9852
2109
5905
9957
1573
7454
4799
7341
6207
9982
9258
5569
7097
2886
9999
9362
1462
4741
6210
2536
7538
2920
5842
9577
2421
4764
4057
3140
1853
9627
2751
6230
4586
80
9470
2715
7793
7051
5313
27
7609
2321
3483
1915
8337
9540
9082
2290
5779
9202
5429
3977
3041
4051
447
8681
2576
9635
5640
9891
595
6338
6579
1325
816
6885
5260
9290
992
6785
3288
4038
5390
1059
164
6150
5030
8506
4942
3361
1153
7145
6184
878
2827
8023
2279
9500
9613
2704
644
2915
5681
1274
2876
1416
3505
3093
2324
4602
4378
9189
9740
6224
3734
8774
5534
5254
6967
7518
450
9785
283
8242
9002
2753
903
8602
7108
5764
605
6128
116
9780
7478
8589
457
6037
2889
8831
7447
7134
4220
6076
655
3516
3986
7020
4852
9269
8586
2512
6596
8203
6032
7335
3632
9614
3480
5056
7552
548
3598
2456
3885
2257
7265
5180
4326
5577
2611
526
9056
7268
3311
5059
8111
719
4604
5824
9205
7214
5996
2695
5724
434
2822
1840
3576
1138
7903
2801
2287
8442
9575
9025
1747
3326
4619
1910
6070
1765
3918
7203
5651
6706
3917
2188
7094
9587
2068
5218
1900
3510
4901
2666
9754
124
2761
1778
8850
3290
7519
4099
4077
3081
3508
8355
1884
742
6384
2718
9454
5951
1583
615
8068
1062
4428
1980
1881
6134
1446
8432
661
4800
8907
9294
9820
5522
3235
2957
7880
5622
404
8188
5111
8785
9375
5886
171
9600
8470
7431
6038
6356
2023
3293
4915
4615
4404
1128
8025
272
3443
4813
4440
5805
4063
1123
211
2624
4082
9812
4847
6030
2661
8182
3324
4383
165
590
3618
409
3228
3995
7702
7089
7122
31
9649
9456
1770
7961
7123
4919
9692
8350
2336
3579
933
6103
6778
7329
4673
6459
9469
3050
6486
4540
9209
6481
3297
3169
6177
1443
5616
3987
5420
3197
9826
7587
5113
9759
1480
7687
6276
9111
4718
3359
1143
5897
9301
7920
8067
5814
9788
7497
5674
6443
3020
3294
7624
4492
4773
8789
6386
8851
7067
994
1081
5216
2620
8463
3590
5203
8547
2294
4201
8424
3916
1491
3389
1612
5784
7525
6647
3125
603
6807
8017
8148
9711
6543
547
2353
6178
6275
4542
5498
5022
3260
454
5071
2436
611
3955
581
235
6565
4588
1100
7988
8050
3683
2288
744
4874
4911
9674
5248
2300
7743
3951
7156
8436
7646
990
65
3628
2867
8238
7339
6994
4862
6133
4543
3185
1873
7657
8700
3611
2444
3528
5856
8687
8799
4882
9152
6958
5920
3272
9932
776
4401
2913
2950
2602
1372
3098
6157
3435
2323
9330
7579
5755
3017
9764
1366
9241
9341
6789
6153
7184
4019
359
4850
2197
5424
2374
5413
9272
9783
6542
1768
1630
8361
7077
5158
9237
5788
770
5609
9665
3313
7589
7891
9343
5571
3752
7562
723
2522
3865
9900
1713
6465
4534
5466
7369
3059
3786
2276
4957
1445
2888
7183
4734
919
3743
753
1180
6340
9091
3942
4879
9664
4522
4004
5055
5494
4932
8772
5972
2345
5333
3708
9285
6911
7393
3602
5937
2663
1492
5272
6725
9869
3826
8618
5206
8453
3610
2934
3070
5009
7893
9180
2490
3431
3903
7207
7494
8306
8526
9615
5345
6376
7228
5820
4584
4829
3853
5077
2515
260
4219
3194
4664
1885
8065
3343
9555
6375
5194
7139
7189
7221
4299
2652
9781
458
9348
8897
9923
2659
4033
4821
6799
8412
7832
4307
9949
463
1883
3008
834
1815
8211
3835
6668
435
5809
5076
4240
7652
8679
8119
7977
3364
2868
9103
4986
4797
9001
269
9733
4412
5386
2758
9629
4351
1053
9912
2901
2333
5601
3318
5484
6406
7490
3842
9974
366
7521
9483
7890
3754
3092
4357
8893
3385
4446
3768
382
4724
2044
8034
4936
9868
1327
730
8955
8101
4775
1659
9364
4515
5171
4895
8680
5836
3120
4527
2390
7817
4501
4172
7539
8052
1538
5549
3076
8890
9637
4216
9360
1687
9429
8910
9101
216
4993
3736
4367
2893
4681
766
5049
6712
5048
7635
8522
9858
1689
3779
5284
9263
1448
1756
7533
1830
967
431
4833
6023
9464
1721
453
9038
5100
1323
8074
9479
7257
7210
5060
2727
7104
6845
3466
3111
9850
3994
3869
9345
9816
3609
5225
3345
9311
9049
6670
3159
5830
9751
982
8310
1301
3323
8105
1015
7812
7941
6769
3791
6925
61
8129
4510
5929
6722
6270
7249
3376
5663
4140
8950
8530
5308
2921
7154
7198
2777
6765
3860
925
6608
5782
9525
4305
3769
6370
271
2312
9066
3957
0
68
4566
4064
4526
8498
9389
5538
7194
2535
7631
4761
2239
7035
3823
5554
8670
9784
1604
2998
4794
8597
4147
4970
832
8345
8739
1787
9808
1311
9518
6069
7445
9677
7380
7250
7769
7695
674
9933
958
2613
6929
3833
6303
7643
6584
5
4315
6636
4193
1067
4441
1788
7790
8901
3454
6161
2203
2642
5139
7506
1332
8549
3928
2973
4037
7995
5156
9899
5567
3706
910
7590
2338
5378
8812
9636
1258
5504
8790
2048
8181
3896
3997
1677
7663
1738
675
3006
2964
825
8949
8906
8186
9176
2018
8655
549
2424
1415
1512
9371
8973
6949
2511
9147
4483
2037
258
3892
8294
2800
3001
2198
215
3384
5604
6732
9058
666
8411
4137
8042
5995
7659
6341
8651
4722
2672
3661
9083
175
7258
6283
859
6294
9441
4352
8381
1973
8349
4663
137
4020
7282
8843
5991
3534
5262
4620
7582
3929
815
2507
5408
1228
5974
6217
4179
3110
7775
2322
3074
5362
4339
2035
5439
8627
7049
5707
9997
8232
8290
8166
5718
5689
3558
9806
5902
1248
7797
2796
1862
7375
7931
2735
846
2943
6632
9625
6533
2598
1236
598
6355
3643
9279
9907
6717
6122
102
7039
6788
6378
8477
9327
1229
3149
3463
3219
2074
7616
169
7730
8761
6151
91
471
82
6438
7917
1046
8509
4271
8108
620
4580
3018
5660
6011
8039
33
9412
3793
1122
2108
9702
3063
4059
1837
8340
4411
1360
9410
4025
1649
1868
2382
6412
8572
9095
6347
1246
427
5016
9714
2793
2164
5759
8632
7099
6079
4233
3464
1213
8006
1799
2335
8313
9034
9463
2583
3012
8496
3010
9225
5253
479
3630
7838
4039
6946
9657
3810
2845
8961
198
3948
563
1158
5412
6126
9090
2208
2975
6770
1010
3547
6578
6414
174
1432
2284
5605
8138
2402
3374
2809
1314
2892
531
2021
6790
4832
1567
2307
9908
2831
15
1762
8301
3556
1863
266
6277
7936
5757
7232
1181
5958
2
4166
2547
4276
8421
9742
6686
4091
8915
4498
8749
5291
3400
6649
508
6810
895
4898
9866
8170
8462
7405
5890
9524
2314
4293
1064
4385
5013
4728
8473
2131
5766
126
2919
7997
8332
3494
4001
5804
5973
1568
8344
647
8877
9092
1752
4939
4122
9616
8646
9585
3030
8029
784
3981
5682
244
6581
972
2199
213
1126
5645
5629
5065
9507
556
6174
2064
5954
5115
9215
476
6091
8689
5204
5110
4951
2026
7786
1110
489
2339
4698
3276
3681
4581
4660
5131
7599
2926
6607
2670
1371
9208
2891
8172
1183
3926
4218
564
5295
9631
8214
6540
4344
3007
5880
6947
1170
1289
2518
90
1466
9793
3378
2717
5277
1436
3968
2991
7315
2102
4482
1740
1867
2460
5841
4926
9366
1660
6860
8685
6801
5306
42
5108
9167
6336
4395
7546
9418
9833
561
2377
2098
6004
6779
1068
6924
1891
1382
4345
9612
9270
8847
4000
9135
5938
7406
6096
1843
5215
3000
6431
9717
9144
8037
168
5948
4672
6598
6284
7013
4824
9568
6219
4391
5658
9107
5356
3154
1926
7737
3390
7770
7593
2703
4966
6639
8125
3057
3139
6950
6876
665
8734
9995
5334
2289
8219
6618
1542
2779
2955
1340
8626
773
330
8978
6241
9855
7877
2898
311
5765
5758
1611
9116
9424
7558
2799
7018
9106
6168
959
4247
3671
4825
4303
999
7840
7196
3521
5417
492
7328
5960
8396
6832
9234
2500
4828
4923
7815
8278
5828
2060
2929
7412
226
4074
6100
1846
8247
7974
9620
7422
7443
2637
4801
6901
6833
4468
5298
1984
4012
2398
8866
7236
6052
5563
3915
9801
5478
875
9289
909
2826
7407
4590
2461
9509
3607
8022
9309
5641
6080
6155
7639
1293
5457
7872
5066
628
3223
4938
9073
4814
8372
5613
7808
1069
566
1385
574
4766
7186
3645
6311
2539
8438
1529
2431
3097
6289
6466
1322
662
5642
2121
5138
3577
2347
5489
6306
2597
5433
8328
9385
3433
9046
4278
6738
1426
9813
8552
2249
7270
8724
2498
8297
6017
9162
6379
3502
4547
7709
2532
2861
1038
4363
746
617
2147
2807
6130
5935
9901
2821
3330
8333
5847
1022
2437
7326
1223
1196
9554
802
4788
517
1430
3802
8482
1113
6848
3495
8677
8992
1953
9053
8171
7535
9549
5460
2910
7165
9837
7115
6160
9834
1872
7153
3411
3797
3271
8642
5510
3601
1902
3440
747
9352
4290
8347
957
3818
1904
7849
9566
1033
4606
4424
8517
6928
7984
1802
7093
2041
199
1378
1757
7343
351
2193
9411
2870
6120
9977
1296
5416
3192
1750
9488
8686
1575
9937
5197
2706
8840
4607
8472
7836
2206
6416
609
4100
9619
889
3317
1345
9662
6697
2918
9795
639
8069
3421
1997
6267
7088
1118
2232
1849
5400
7269
6563
4280
2708
6014
399
3828
1412
2393
6822
6332
3436
4149
1603
8224
989
3403
9946
9145
6671
4144
4321
1302
4408
6324
8054
6735
8446
9466
649
3641
4668
5314
6290
1011
3966
1147
3819
191
1939
7911
7822
6532
8621
9109
652
4980
7605
6146
7379
7438
5366
4092
4076
1999
4571
310
173
9129
7919
3902
9678
8751
2577
6612
8044
2906
3415
41
2790
8699
7640
3156
4088
4589
161
8488
6952
4346
8759
3647
2229
6492
2059
8918
3375
2482
3704
9691
1182
940
2629
5845
9859
6971
3674
9502
2958
6368
8204
1608
1988
1908
89
9155
737
1121
1271
433
9772
1045
3161
4918
866
8492
751
3280
4132
8966
8704
4960
1040
7308
2993
2741
3840
3036
1947
4052
5045
232
74
1268
3653
5008
7650
7858
5018
1944
6172
4873
2472
9748
8374
5630
6260
2553
6491
4153
9652
4551
4151
3104
2557
6796
2780
1402
6182
1679
8548
9646
3527
6966
7187
9893
3906
4842
7612
3539
8640
2787
3561
985
4143
6407
876
4683
1845
8841
2720
2457
3246
8853
7365
9098
8317
2938
9562
8397
2245
569
2873
1733
1262
4995
5364
4215
3305
6808
4949
4808
7665
5646
9743
8341
9983
3509
6582
8991
5388
7930
3019
2795
2195
2030
2952
8098
9273
9318
2273
2227
6053
262
525
5908
8880
7844
2171
1588
9644
1776
9183
5868
3640
5881
8919
3334
4214
7069
5432
9920
2959
5322
8567
7496
6258
9878
7425
9139
8511
5840
7483
2636
2309
1411
7852
3370
1089
3357
660
4188
9484
3335
3758
1793
464
5518
9672
3705
4323
7034
6951
4241
3541
3795
9338
9952
1600
1615
8904
5082
2947
3992
6787
9811
217
1702
317
8280
3127
9020
707
6075
7092
3566
6791
4708
3625
1044
4621
7908
1627
5680
3798
7432
8811
8702
9373
8733
2857
4269
2804
7485
2612
562
29
6771
7831
69
2186
3182
2212
4645
9628
1159
6112
7692
2031
3234
8764
1521
7951
577
948
7416
5486
4030
6957
3890
7283
7109
8936
5001
8406
4029
1348
4079
9286
8487
767
342
1923
7881
9777
8701
2470
7128
6731
9119
6490
2757
6453
7300
7878
6699
7311
6253
7644
6373
936
4496
6611
4090
4331
4131
1299
1912
8444
6095
968
3886
9517
8898
9023
3657
9065
812
1284
2681
105
2805
1036
9268
7841
2040
1920
121
6512
5877
7980
3135
1235
3770
8513
9089
3893
8323
176
4657
6655
728
388
3971
6993
6404
7991
4696
4117
3503
3416
7591
3813
4666
3715
2884
7944
3295
630
1444
7337
5181
8423
4903
6551
7420
796
7172
6936
8334
4838
9570
9648
7079
6343
3844
7503
1825
6016
2355
5025
4442
9545
5984
5438
8608
2712
2271
1315
234
3587
1334
329
1288
9668
2281
1680
7361
1741
8834
599
1007
9087
337
3258
9407
3543
8154
6299
219
380
9882
1175
3812
6110
1283
4264
2012
1078
6739
9379
2277
1841
593
1189
8389
8400
187
4427
5405
4635
801
5296
1225
4867
3862
7392
8428
5599
141
516
3202
2571
5525
6476
8415
3873
3638
7012
4827
1202
7150
28
8234
8735
7138
8684
5126
3756
4494
3888
849
839
6918
4399
8010
2397
9994
6827
4277
5792
1111
3749
9426
2243
85
6447
5129
7215
8456
8952
2349
4248
2162
7177
3128
6331
8717
4735
870
7847
7667
5590
6740
1055
1218
6820
7649
6214
349
8624
9452
2155
6265
8848
5572
6048
1621
9970
7297
1540
3049
490
6877
2538
6692
7664
7408
8103
5752
8683
4955
7019
7658
3884
8312
3648
8298
9897
7370
8071
702
5117
1507
5925
9253
8239
8367
6996
1193
5627
7395
1257
6642
202
23
1277
5819
1551
8494
4654
8925
5966
8115
4096
9085
4815
7084
9698
7904
8165
7056
5392
335
4291
5342
9767
5310
8730
3088
314
9831
6291
5192
3550
1929
2909
5653
2308
5200
9393
4138
2885
4115
1576
9477
8528
7301
4106
9506
646
9158
455
4532
659
4292
1245
9448
5639
4191
6908
2748
6274
5341
4325
7820
8233
7971
4423
470
8501
2367
5839
2740
8474
6138
442
6432
4134
133
3062
186
7202
8525
290
616
1909
7008
4885
9846
495
4961
5643
7859
5888
8179
7461
7929
3727
6448
1112
6830
680
9986
5737
6704
7098
8521
1663
4236
6861
7742
4856
9274
2329
5097
6201
8675
3811
7298
6279
183
2487
9683
4083
3589
4027
9455
9296
7671
4340
8363
8962
9838
1705
3249
725
8504
7526
2966
3626
9400
5422
7307
1743
6035
7869
9399
6208
6709
5348
8082
6972
4176
8440
1822
1751
7946
5913
7212
100
2016
129
3604
3586
5196
8794
3899
9716
1780
9137
5377
261
6392
4499
4478
7906
7530
6015
9534
7237
6024
1864
197
6978
3132
3695
1511
2969
9206
1201
4026
9633
9690
5307
8183
5219
9414
608
6903
586
7993
6705
524
6043
474
5483
6329
9080
5500
5233
9322
5415
123
1957
7133
9492
7600
7290
504
5381
1476
817
64
8223
6436
182
7559
6526
7241
3306
7937
4973
5245
1086
2841
1441
4438
4704
2528
2386
5007
714
8196
2850
8286
1510
3173
4110
7943
6660
681
772
1919
5278
5029
8810
4171
1961
1406
9191
369
3542
8580
642
7324
9576
5104
9854
5817
6483
3762
5548
8585
7359
2467
9224
5998
9302
2605
685
3713
7409
9805
7970
515
7015
6232
8617
6305
7435
5760
5506
8110
1050
3800
6418
1637
9423
672
7449
4748
1427
510
6585
4406
6098
3711
6863
6089
5844
8611
5698
2039
4894
568
4231
5901
6135
5153
5363
6027
2205
7243
6549
2842
9591
6558
7960
2493
6942
9478
7045
2649
1375
1754
7959
4791
8625
1295
9161
938
3229
1006
9216
8319
1936
4328
3827
6753
6358
7231
5227
6823
3381
3983
8210
8152
9146
6650
7550
9918
4632
5542
3244
2989
9843
7254
5719
8974
5427
5731
9809
1964
5808
7083
8818
7721
975
3778
9347
5098
9669
9064
2259
5967
8825
7686
5783
4355
9650
9489
2604
4846
4716
6741
4254
1835
6573
4459
720
5046
8257
5303
7716
3472
4733
9481
9461
6256
3817
7741
7426
2657
6588
9925
2063
4697
4841
6475
8365
6101
2962
6237
2696
8201
2754
4520
2979
9165
3832
9190
2152
8945
4691
2272
8986
1896
9710
6229
7788
8407
6637
2209
1582
1892
602
2154
1103
5226
53
5150
4259
1505
4866
4987
4319
1115
6683
1321
5883
2301
9773
4373
2917
9207
4084
4257
11
5854
218
7725
2274
6797
1889
2834
7854
1001
7982
823
430
1135
5790
2852
6724
9890
3879
7201
1616
3843
2541
4570
4409
6065
736
6327
715
9654
3578
162
9857
6744
4805
3316
2932
3024
9862
4198
4967
2767
4463
6081
3300
6251
6617
7091
4762
5092
4398
5237
8158
6195
8369
2904
8529
6782
1771
7204
7602
8694
9608
3211
1877
1163
7751
7031
2746
2654
8908
1886
2496
6899
8356
8763
8817
5675
8793
5063
4036
2908
9015
4934
7234
2395
6060
8543
2494
6245
5164
1051
3164
3470
4835
1545
6935
1171
9131
8386
8413
3496
2762
9277
8707
6515
67
7007
58
7532
9885
7473
419
2318
6440
8085
7514
7921
2985
3424
1834
1826
8737
5379
622
7923
7439
2856
5743
9889
7816
8839
1376
5909
3027
6259
670
2268
9346
108
494
3982
3780
3406
6261
2412
7873
4222
1995
9976
2453
320
8273
3837
6767
6312
5558
2483
9705
4933
3388
3573
4754
5943
8060
3794
1043
3851
3278
5472
7470
1932
4042
2479
1674
2105
7901
1760
4320
1533
2319
9975
5769
6176
1084
9248
397
3765
6326
6403
5409
5075
6831
6749
2036
7314
6040
9961
8072
9438
7450
9800
2556
9415
9072
1023
6446
5634
9405
229
2124
7309
2894
7638
1208
2581
3427
2270
6729
8056
2224
821
6864
4599
7776
4860
9671
2824
9312
9939
5939
7759
2366
7065
9622
9973
2111
1688
2127
5715
5003
8995
2265
8353
7862
106
1701
7537
7320
2752
5182
2157
7047
5697
3644
3304
7900
2590
5545
5120
6970
7354
9163
3878
9804
6185
1609
6814
3689
4354
9380
7023
2829
3856
9472
4558
7888
3157
1421
3716
8829
5721
487
9551
3047
2082
4613
350
8674
6117
6916
3084
1319
7688
4857
6071
303
5610
6867
6713
7303
6564
5462
640
9969
4616
2112
9645
6215
4854
4415
4715
8921
4868
3474
9642
1335
1019
6920
897
3066
7404
7897
3225
4394
5398
4677
5631
6638
62
8106
2702
3975
1391
6979
144
3172
9132
942
3112
4963
4455
7053
1871
2486
8450
6859
8965
1553
5652
2646
4335
2513
3620
8426
9035
1093
3949
3560
9475
151
8036
5053
1643
8348
3952
92
8668
2126
4212
6082
9029
6428
9250
868
6154
1927
5628
5633
6524
3829
7835
7387
1354
9953
6363
7564
5745
9847
5026
247
7949
4778
8212
4425
4480
3461
6631
3883
9121
843
9774
7171
5358
6396
2760
4327
4217
9943
768
2255
1592
8116
9985
1821
951
8311
2106
3198
163
4563
9651
1991
7240
5691
882
6554
6557
2218
551
2342
9727
2614
7394
4886
7042
5562
8666
6144
2843
9251
9398
8568
6012
1226
2755
4968
8578
1002
4640
9458
9050
5004
7501
4268
1173
894
5461
7813
2116
8339
1154
3392
3408
7942
9304
4348
8476
4462
3426
3166
795
9278
76
4661
5800
2905
3460
937
3931
2527
6939
4253
2769
8601
7565
9465
923
3238
9640
6388
425
6417
9027
6850
4844
8114
9166
5726
3675
3168
5468
1099
7489
7513
7561
8401
2078
9841
6933
2551
2877
1184
1566
4943
1467
8588
4557
6286
2968
2940
1458
2003
3806
7334
1356
1041
5125
1424
8279
7507
4361
2429
8162
8168
6940
300
319
9667
6211
3559
2067
6123
4288
6254
8705
423
2994
3652
4997
1227
132
3624
7875
437
6057
2478
4861
6760
7
1106
8121
5050
5385
304
1546
6093
3592
7213
3109
9581
3106
7886
9963
3404
9115
2599
9170
1960
3339
4330
6587
558
708
3399
9769
9593
1847
5399
3784
8507
6458
3187
8987
8658
2558
2458
6566
962
5283
6616
2923
7410
3386
7323
1197
1270
1331
7149
8135
4731
6111
4941
5273
7413
7322
245
3397
8736
8688
1734
4439
9494
7272
4976
5410
1433
6761
9443
1968
488
908
6619
4043
505
1945
6737
5321
4574
3741
7690
7216
5849
5507
3207
4119
856
6114
7428
1977
8264
1921
5855
4555
3349
2176
3821
6449
8495
7987
3984
5165
5169
1975
8603
2097
1102
6645
6288
7385
7938
1357
8230
3372
1934
6179
5187
8091
2645
4493
6460
8109
8269
8073
5733
3152
7736
1083
9153
9853
667
5251
3407
4855
4460
9960
5834
4456
717
3690
9329
8882
1534
6127
8711
5268
1986
8527
2552
5594
4531
732
8173
336
6119
1697
8184
2278
4375
1486
7884
6322
7350
6523
5380
6255
9730
3627
1636
4648
6948
1409
7678
2341
5006
7288
3200
2310
5584
6774
4804
1017
4712
8798
4900
3134
8616
241
1048
5523
7195
5469
2992
9476
7986
983
8480
2236
333
3709
2766
4093
5401
5941
7899
3432
2145
2565
6653
6167
1641
6684
2600
6889
9701
637
9731
1767
2447
6847
8195
8157
1305
904
8202
9391
5947
5864
9175
3792
4709
7291
468
7296
6878
565
4054
7653
8997
9353
3506
1671
7080
8747
5539
3988
9606
5586
4377
7705
9355
3196
3804
8455
9315
9824
1380
2816
4984
1518
3064
4567
2107
4282
6576
4644
3455
6022
323
1785
7846
2879
9765
5871
3555
4263
5803
2578
2072
4569
5490
7603
6198
3666
5982
256
6170
2092
3438
1377
5696
1206
1090
2931
7935
1640
1328
2902
6784
8728
9045
4902
5953
8605
6606
6301
4608
7465
8587
9821
3679
2179
1662
3069
7699
3588
1251
6592
9016
9003
9390
9887
7277
7534
491
2499
2027
759
1309
5618
5983
2847
3011
9984
1414
1665
8371
332
7636
9358
7789
9552
7319
5224
1601
411
1072
914
4452
1431
193
3287
3866
2090
8600
6572
2253
9921
2425
7985
3895
5928
5907
4906
5574
179
6869
4630
7623
1763
3848
8999
6775
6734
8821
7969
2930
4107
8127
3909
5560
629
265
184
48
4472
445
3089
4182
8461
2173
3393
7368
1454
5492
8967
3700
1482
703
6315
5327
6320
1941
9543
6666
3252
4196
6905
475
7637
1131
833
7360
1727
8227
5396
9823
6171
2160
20
9991
7063
7295
3035
1614
5160
2742
7821
1365
6843
5491
2400
2096
9817
5038
3193
8614
5875
5566
9039
5694
3897
225
2941
5316
1204
5655
1549
6880
5220
1286
902
7167
9503
3520
1179
5073
6614
4575
3201
2711
2463
3462
4178
8081
35
4549
5068
7826
1711
6281
6995
8833
3248
2404
8325
4962
231
2448
1058
8040
9881
8161
3763
9911
5798
2678
9680
4453
5122
3441
1247
4419
6875
6772
167
7874
8309
8842
7958
8425
580
432
3805
9336
4831
7633
896
473
6990
6393
1195
9527
4114
7882
1172
5407
6426
5279
6041
75
1388
5945
2722
8540
3565
9535
7421
4653
3834
5229
6485
130
4550
5249
1992
6817
1735
2630
8531
4337
9938
5910
9467
1882
2058
460
1463
2865
809
3026
9100
8760
6408
9886
328
5774
5444
8248
8656
3143
6137
9950
4530
8331
4908
3943
239
8251
9460
2242
855
7547
6429
4737
1922
9081
4148
408
3257
1690
6988
1586
3783
4186
2784
1954
6084
9218
950
4410
5091
2359
1484
3142
4753
4585
3079
2413
6205
5148
3808
7373
7715
2130
9317
1572
8809
5686
2554
4758
542
2238
8791
6715
4875
3976
6145
697
841
25
4136
5473
5889
8541
5511
1029
6269
6872
780
6333
9403
9715
8402
3717
2183
148
4034
2219
8518
541
3115
9028
8858
1028
8556
7563
9658
3171
6609
9032
1989
2428
1155
8070
4807
3122
3478
2241
8917
2546
4015
8613
2089
1453
850
713
8335
6844
5294
2080
7217
2729
6673
6500
6445
8590
189
8905
1996
26
4156
446
1948
7541
5040
2701
9133
8570
4477
4553
1095
3938
422
8889
6149
3113
5585
6247
8619
3831
6359
2738
6442
1073
2409
5546
3580
8130
1819
2213
2995
4359
4365
1157
7998
5134
6629
3854
4065
5190
8994
2725
560
6031
3930
6561
5818
8206
8804
1243
9267
2568
9150
4679
4917
2216
5089
9213
6337
9154
3621
8059
4388
7289
6401
1413
376
9367
4514
47
7106
7999
9515
4146
2745
3477
6883
4863
2175
4802
8460
4519
8149
1447
9055
2495
8252
5419
3996
1729
3747
5178
2710
6325
2692
5676
6605
7932
2724
5269
2864
7864
2849
5882
6234
2700
166
7333
782
9993
4711
8722
6499
7939
754
9839
3775
3697
3013
3877
2149
478
907
6424
7235
5188
5299
1418
5442
4181
4234
5695
8237
3525
8857
2008
1773
6450
1239
6200
9927
4158
8089
1109
5304
5896
7113
7794
6857
6086
7358
2643
5222
911
7006
7463
9903
8454
803
4803
9849
5950
5470
8499
4334
7452
8979
3451
2192
9676
4049
5649
6974
5019
7273
6349
871
6856
2015
8920
6186
1224
7281
384
8934
9832
6707
8912
9200
4467
1832
9879
5451
1577
3669
9094
1151
1554
5021
9542
8362
9845
8744
4008
1982
8546
4243
7256
6427
7557
9282
9703
5495
8972
4964
7242
6745
2933
998
5011
3220
3757
4382
1506
3732
8053
5832
5900
8930
3032
4892
8222
7861
532
2530
9321
7807
8571
3085
6758
9013
5672
8299
1541
2240
8671
5264
3958
1344
8913
3082
2533
3513
8327
9670
6452
5465
6610
6747
4594
9840
8815
4593
7504
7436
2601
4595
9964
755
6293
99
1146
243
8781
5276
4769
8682
1465
7029
3251
1401
5708
4896
964
6689
2038
153
240
299
3141
6380
6594
5767
2623
9480
6339
4689
4487
2736
7757
8395
5589
3442
9514
6544
5916
1339
1618
4669
5207
2142
8816
4940
2350
9157
1136
5556
5521
2286
965
8281
5028
3023
5756
172
4312
9968
863
4194
4914
6410
988
9498
224
9105
2417
2250
1894
9298
3090
5557
1769
5866
3053
1389
6409
9444
837
6345
8178
944
5684
8869
4109
9395
3616
6003
2065
1065
9589
6667
3419
694
4111
1241
963
362
2325
8187
5964
7718
6675
5561
2169
370
8659
3087
5051
4884
3993
348
9340
1
7972
109
8947
794
9553
2730
3836
5088
7853
5859
8551
1281
5434
3037
9
8633
9281
9110
5961
5748
8231
1386
1706
8147
203
3937
3954
9284
9011
7117
9212
1209
7957
8745
3405
9967
7229
4552
6634
2103
3267
811
3362
1669
2890
1404
8575
3785
1307
439
8141
5796
7768
7316
4350
9060
2095
9584
3379
2791
298
3633
9198
4479
78
9059
7200
9349
1396
6819
1075
9501
6389
6042
1034
8788
2075
1691
5464
9217
1899
7614
9365
8254
5899
9844
3153
4414
557
1422
3858
6196
288
701
6140
3176
6723
3175
297
387
4763
3274
2168
5315
44
4464
5526
8295
1861
4018
3189
7902
3056
5024
3911
698
8387
539
2669
438
7576
2984
2430
8710
3907
8377
9493
8229
554
5162
2543
6317
4481
5944
8673
941
230
4818
4454
4213
318
9416
267
118
5647
7032
7992
4610
3796
7009
3989
3651
8322
2196
1210
4703
1610
9017
1139
9725
6926
8459
8519
9536
1198
5793
2118
890
5659
4316
4533
9068
4469
7384
6664
3214
3991
5993
2844
1801
7895
6394
3055
3346
8909
2872
1460
8649
4916
9905
9449
1230
9204
3264
1459
6175
8000
9440
898
571
2596
4629
7620
248
7366
4486
5921
799
1598
5923
1395
1913
5716
2887
4985
3114
138
4009
509
9142
4239
4210
5685
6501
8378
128
9174
5606
4614
5619
3585
1061
3790
3448
2820
134
5650
582
2481
2540
9513
528
1731
8801
8142
3325
4694
6944
4014
6694
3265
1104
3940
6659
9007
6595
2982
2721
4206
3748
9000
1312
1124
3314
2697
1054
1850
6746
5124
5149
2673
7979
2739
7475
3567
9431
4491
253
1259
8375
2837
7024
838
6625
3261
6654
8289
2561
5990
8151
1829
6055
6330
761
8213
6046
5615
668
8720
8277
38
3731
9978
2519
4702
3382
8502
1287
4587
4545
2542
7701
7486
5946
4154
8958
9910
9998
1471
367
1519
1434
270
4837
4865
9538
669
1684
1242
6757
6026
2972
9851
1450
8827
352
2811
6764
7345
5487
2346
3479
7850
692
1261
5228
8261
881
6826
9722
4250
4225
7842
9428
9210
3654
5823
5005
6840
6088
2647
8013
7804
676
6964
3584
4981
8607
8574
3663
3904
4982
7043
1789
8189
946
7068
2226
84
8990
5853
947
398
5988
469
2851
3310
6750
7119
5455
296
8944
1150
1237
3801
5711
7691
7761
8055
4887
7713
6456
249
6556
6900
9421
4740
4286
6522
5136
1503
3021
4069
5474
8861
2922
5265
6202
5281
6463
3147
4676
9789
8778
3874
8027
7466
5865
8258
7830
1813
8998
4436
955
7220
987
3871
9924
4461
2091
2352
9915
2432
9099
7064
5336
553
7398
2903
4445
2965
9684
6793
7381
1755
3614
7096
1374
5625
252
5891
2302
5208
1186
2123
2465
1753
8466
5012
1021
7081
789
3694
9550
3889
579
6897
9660
1642
6353
2233
9063
2114
4872
3284
9387
1935
8208
6334
4603
1563
2954
1724
3446
1475
4529
4396
7675
8942
5771
7085
1502
5326
8852
6891
8690
9597
3891
1469
8664
3275
722
2136
7244
236
5714
275
6422
5242
210
5062
7669
7305
8756
483
2792
2911
1282
2520
4512
8291
8058
7648
190
8167
8403
9700
1096
1535
4749
7458
1820
5930
5195
3605
842
4647
9972
2484
9113
2050
5570
3321
1423
5371
1176
2634
8
7740
6687
5843
9257
8095
6726
1633
3740
2252
8564
2773
4252
5359
8558
6278
2293
1786
5020
3209
3078
2651
5471
2810
7728
9814
7355
2363
5411
6688
8330
6189
2046
7403
3302
3210
2439
7430
7155
6888
6759
4070
1417
3771
8296
6034
8061
7764
1141
2190
6213
540
95
207
8307
8836
1742
9530
3876
4685
822
2086
104
8783
4692
8892
5860
7346
3331
6895
8217
5109
5452
7442
638
9626
6943
6915
8338
3262
2567
2384
9695
7978
4086
688
2732
1645
3875
3693
6968
623
1272
8544
114
2676
2971
3299
7060
6982
316
8041
4880
2133
1956
5198
3820
7331
327
6805
6932
9697
156
4190
3583
8134
7707
2153
2814
1291
6304
1333
5221
3744
8418
545
1233
2783
8155
4521
413
8854
1556
6262
7894
9404
8996
2297
208
4513
9558
9136
8746
2081
7332
9388
4067
6430
5949
8923
2464
4397
1238
3594
1012
3841
2619
8862
874
8484
1165
2362
931
4978
6513
5395
1342
1699
9245
2665
3781
6367
9120
5985
6451
472
5963
5654
5010
8796
3872
9602
7642
3151
9149
6152
9363
2304
5827
5112
7467
7607
1851
3488
3962
1177
2616
8628
5763
4528
2372
1720
7912
8786
7799
5926
7004
4618
8285
2662
1836
9077
1514
7802
2418
2803
6586
9541
5436
3518
9335
5351
4810
4400
2582
1398
1297
9071
9233
6382
1856
2334
8886
9796
4466
3639
8875
3242
5426
4227
5848
4116
7036
4184
4790
7033
5741
2146
2388
9935
465
7512
6467
5353
6648
5297
2254
7785
6118
5519
4897
3935
7947
5598
5450
2005
1076
3880
4823
2129
9118
3015
3830
718
6183
7682
6589
6351
7965
7078
2052
2529
2946
9822
1107
1493
8766
3776
6525
181
1985
9324
6223
3960
654
9757
1343
5467
7429
5600
9351
4124
9694
4080
6372
573
9707
7121
8124
6464
5107
3894
8026
9790
4793
2085
4
4381
2731
721
6601
827
5085
5290
8190
8954
1005
9325
4393
5391
4905
4655
2768
529
5093
8117
4700
8209
9888
7075
5957
1897
7414
4112
3253
634
7481
3809
6352
9951
8250
4576
5579
1080
8275
7586
8709
5309
5130
381
3101
4366
5850
3270
1403
1782
9446
2163
1695
4006
2580
1613
7645
3924
2658
5240
4695
932
9520
7860
9895
9036
3635
6025
7755
2860
6989
436
9675
6804
945
7197
2684
829
699
7681
4118
8380
6973
5559
6073
2640
3367
8028
6348
3328
4869
8926
8075
5914
8960
6685
8268
2776
731
3881
9782
8443
9556
4822
3950
1672
6166
1783
7766
2675
2285
3774
1049
4577
9523
6976
7625
7810
2912
3563
4785
9238
3581
3481
3714
9638
8009
734
7411
3698
3537
2144
5532
4270
2228
3065
6455
792
9010
8320
8019
5328
807
4338
8159
4627
4927
5274
3039
9179
9641
2942
3688
8215
3315
1114
480
4720
8266
3340
1008
3051
4649
4261
1958
2110
4476
8357
779
9916
7340
3352
943
7666
5023
8845
9884
3170
5332
499
8035
9266
9902
9624
7362
5837
8669
2053
7157
393
485
3296
6806
6693
6225
9255
3696
689
4777
8742
4639
1330
8228
8479
5347
7868
1294
9079
375
3250
6906
2148
4007
2358
9310
280
8557
2524
8175
9607
2716
691
5305
3612
3901
5375
3606
60
9919
8150
7487
5184
6162
5583
3428
4881
6125
7124
6462
5801
9653
9721
8038
4226
5000
7848
3619
514
7418
9227
6419
8830
2357
1481
7170
4889
9508
7915
7782
1844
6710
2756
8599
7120
5101
5892
7304
1520
5811
4525
5335
9582
5493
4204
4523
7224
4202
5319
9436
4017
6733
6862
6824
7907
7922
4537
214
6839
6087
9160
979
8550
2396
9354
6776
8265
8066
3163
9738
8263
3237
3167
5739
1392
3529
2207
7136
9792
3281
9197
2996
5480
9922
4786
4458
8938
4779
4554
9420
7544
6575
7934
8542
4622
8976
3459
2369
8726
9512
9462
9070
5133
7178
5456
4780
1494
6893
9359
9732
544
1675
8738
5463
1199
8657
8931
4183
9617
1587
4230
4101
7356
601
9339
1718
1722
4489
4056
7087
2960
3615
2531
1304
8940
6047
5933
4157
7694
1745
2061
421
9544
3540
7016
9368
6066
1578
4405
3946
2679
2638
1082
9474
4221
6980
8107
6917
2071
6630
6777
3342
7994
6849
543
7784
2202
6064
3608
4450
1550
6346
706
3380
8177
6997
9177
4651
8559
3838
3014
6794
831
1280
3240
6615
7680
8143
4095
6711
9763
1216
1367
5750
7529
512
5261
3591
228
6197
466
7683
9254
3430
392
5725
7476
4055
1515
412
3998
9033
3259
7574
9422
3575
7251
1732
7674
5703
1451
139
6603
8329
46
5602
5992
1461
5430
6535
5027
4625
4751
3395
2166
406
6461
2924
2315
2371
9313
7132
1990
1037
3469
6072
6019
7811
9819
7548
7003
5155
3720
8414
1500
2221
8584
77
8271
2936
783
4497
9996
4952
2391
6593
9008
2360
9047
3530
1823
6553
7274
2135
6099
8612
8048
3283
3203
8276
7491
2677
9041
1092
7261
5476
8534
3231
4680
1893
4402
8721
2925
9744
3536
1166
9917
426
9871
4125
8468
5831
2977
4744
6934
5090
7468
5330
8819
1317
3099
7913
7396
8576
5867
4152
122
3514
3750
5720
4262
8112
6643
6425
9522
9261
7462
1071
5459
4403
2344
5648
1039
2653
3767
7833
88
312
3980
254
4465
7351
7647
7160
3329
8300
9369
1974
864
5543
9848
2438
4652
1145
4060
1350
7367
5257
2466
8691
2734
7511
313
960
1516
765
4958
1338
6665
7070
1035
2120
4714
7058
2187
8376
8928
3254
4617
7892
6039
1569
5320
1800
8174
9235
3266
5550
3491
238
6600
1276
6841
8370
3597
4839
6309
1797
6218
7046
6362
3965
7266
5239
5357
6829
4358
7218
1264
5623
4310
1857
1620
6870
7585
3701
43
862
6795
1027
8176
591
5083
6268
8678
1574
813
9689
1156
6752
5632
4956
3687
2354
3733
3788
7729
9171
2549
503
7253
7834
6421
8956
3728
1683
2609
1337
6913
3887
5103
2689
273
7457
4503
2509
5524
5146
5154
4279
9252
5636
5232
8439
3457
6930
3629
5397
4130
2728
111
7498
57
2668
3532
36
2385
8145
3363
7940
5446
8253
5372
820
3908
9860
7100
6961
146
585
7347
1452
8538
9357
1160
3593
2778
9875
194
8120
4448
818
2698
5173
4390
3934
993
3551
2083
6335
3933
523
7325
8807
7594
9537
8856
3944
6652
4727
6085
5980
1127
7310
5199
8324
8430
1557
7437
1497
5423
5311
5700
3179
4546
7505
8630
346
4128
2899
6477
1607
9074
6190
790
4730
5259
428
3905
6173
9798
3482
4165
344
3642
7704
8304
5402
5244
2117
6846
3365
2587
6212
5857
1387
2492
6985
729
7208
9009
3145
5044
7460
1548
3672
3131
4768
1870
9062
2235
7211
3863
2049
8641
2900
748
7502
3025
4732
8255
3939
6766
4174
6902
2835
5017
4583
7990
7459
4719
5502
8837
7480
5074
3366
3582
9569
8057
7011
9037
1252
8244
9656
6914
3439
3936
209
6836
4928
7796
149
8246
8900
4238
764
4484
8800
9374
5894
7472
5712
3458
2378
1191
733
2516
8011
507
9682
1313
5384
3665
4005
6959
2139
1656
5565
1178
9929
3682
6318
6124
7540
6106
4432
7174
7604
3912
7887
3867
8731
2563
8133
2011
8471
3719
4819
1704
1842
9193
4380
5671
2914
4224
7787
852
2785
4301
9547
4633
645
805
3414
2007
4126
8481
8523
1222
3181
9159
6751
9181
9531
4256
971
9247
3845
7342
986
2855
6663
5485
4871
9708
6488
277
6169
1306
3351
2818
1399
705
1498
9892
1631
5815
8422
9709
1324
711
2211
9069
7118
378
1285
3814
5064
7193
9397
4061
5987
9758
5256
4347
5997
2970
8045
7318
5568
3434
315
9621
657
9012
861
3091
3102
2723
7515
1571
2055
1508
2786
600
6811
7964
4141
757
9609
726
7522
2595
6781
1057
6552
5773
7706
294
4449
1455
3546
865
3484
8516
9031
6239
2172
1838
7851
5361
9051
5127
7488
7424
5497
1256
2170
4443
8663
9195
1619
7824
8566
4308
6139
6698
1474
7206
6360
1496
9164
6669
1349
7569
2815
4834
2348
1914
4273
2178
8016
6494
3722
1898
7453
1132
5932
5919
2266
7927
8849
1214
4302
1369
5970
3735
6029
9904
3327
8582
4910
4457
2983
2883
8520
631
8591
3562
7179
302
3429
5054
5540
8750
4207
3377
5620
4776
7863
3444
8088
7568
8983
5807
8896
8047
4306
6364
6580
6568
7738
5710
6104
9936
6695
4975
3570
9909
5404
140
762
8451
5553
2182
8090
8953
2726
2033
4750
1726
7865
7278
5547
8916
4041
8180
9328
6852
1917
6
4246
5344
6471
9214
2927
4870
8565
9746
6742
912
2141
2449
2709
6159
4032
2331
9573
2435
21
2132
9988
1526
7753
4925
3208
8727
1890
921
1865
361
2441
1024
8113
6868
8243
3226
2770
2296
797
4796
5477
7482
4180
8336
8486
1167
9745
1077
1275
2093
1397
8136
3301
1478
2775
8123
287
4384
8080
9096
930
1250
9864
4891
3613
9728
9182
1605
604
278
8064
7896
326
7744
3422
7572
3970
5047
5885
6074
7293
3344
2189
1440
5168
1292
6879
5608
1265
9112
6837
1942
9948
9565
6107
4671
4990
9378
2328
8524
5978
2340
5078
7126
6319
3868
8775
8703
6411
5576
8485
8881
8715
6555
6803
3105
6001
2986
4924
618
4787
2935
7248
97
2802
220
8452
3245
3489
9971
2555
7973
5922
9630
8757
6397
6919
3186
1969
2671
3068
2380
3622
9334
3637
1232
5355
4332
1632
9437
3195
9078
9594
8894
656
8740
9810
1710
5754
678
9173
9104
1161
8235
1025
2545
1400
3129
1559
679
2840
9583
1709
8899
7493
8420
3332
4675
4505
4275
4597
4736
6045
3969
918
2945
2789
5795
4209
7613
9661
4600
3497
7828
394
2158
8079
8650
188
9987
9559
7192
1962
4473
1971
949
2177
5965
5986
2953
5826
677
7386
1803
9019
6292
5677
7956
2667
2699
7837
5520
3096
804
4087
1907
1901
606
6662
9264
6413
368
7621
7471
917
4564
2419
5214
462
206
5043
9954
5873
3759
2451
7560
9906
9942
347
9406
939
6963
5678
7542
8622
9749
8156
4556
113
6504
9557
83
6109
1439
2628
6516
4670
6383
3150
2004
2781
4265
2656
1579
4267
857
322
3394
1606
888
154
2506
1775
9794
4642
1300
2024
7517
9775
785
9815
5778
9114
8943
2375
8126
7364
511
7456
9075
533
8631
5174
8092
9546
5382
9201
2648
2305
9768
1772
4812
2351
3029
9151
7225
1468
7829
5787
1368
8970
6977
2502
3755
9140
6222
8448
3298
5821
6851
8741
8654
4690
1026
223
8610
4965
5185
7223
1355
2832
30
9169
4634
6783
9396
8032
915
2454
4097
389
4772
7717
4946
5099
2006
1657
3855
1666
663
5312
8508
7962
1806
8984
2875
8205
6921
5238
8364
6156
3277
1457
4686
5829
8144
4434
9696
8449
8695
2264
7374
4105
518
7809
9394
6923
7111
4518
8241
760
467
8008
5293
3174
364
400
452
6854
570
848
1098
4674
9504
5135
7627
7720
8475
2150
6209
4757
1589
3824
3504
7279
3789
7783
5177
710
5201
356
4628
8555
8835
4387
687
2087
7684
4389
5861
3243
3574
9260
8169
3124
3850
8086
8197
1622
4541
1638
7914
9211
1278
9240
7765
578
6720
24
6991
5838
6998
7131
5209
4539
4413
8725
2798
9747
8267
6470
3730
1148
309
8629
5079
4342
2655
3282
9326
9766
5360
498
482
6510
1903
6050
5369
2559
716
9486
2056
3402
9086
3599
9521
7689
8977
7182
9955
1169
3368
2200
6546
9246
6385
7724
1231
3137
7712
9735
73
4816
5825
8652
5042
4370
2812
9753
2143
7857
1310
3919
8606
2944
2808
576
8822
2077
8615
4609
8510
6604
374
2125
7722
2477
2462
3449
1555
135
1464
3341
2406
117
686
4089
155
4309
1676
9737
5527
1091
980
7651
3670
891
8698
763
5578
5032
927
5802
4164
1405
87
7086
5324
8433
7312
2990
4579
4665
4500
3003
9372
9679
5544
7095
180
1219
9760
2280
5789
237
6853
709
9914
1144
4173
8767
2714
6813
4592
3760
9295
6628
8094
2491
5895
6250
7778
9196
2446
4102
7883
5140
5981
5770
4433
8359
2537
4561
8096
9457
7918
1364
4349
3782
3746
6507
6423
2650
8765
7606
1859
7125
2526
9877
9435
5102
5887
2882
6999
9944
8872
9308
9316
6987
9574
9673
5918
3046
1042
4364
3146
2750
6054
1488
6132
5761
3956
9610
9088
7062
259
7469
5275
2022
3773
4738
826
8824
1263
3659
2002
6633
1708
6094
6815
251
6721
8467
683
5132
13
2313
6142
4931
5971
2381
5036
2621
3973
2862
4407
6439
4274
2691
6641
6922
3136
7762
3921
7905
4444
6497
5956
8354
9560
7352
8648
4300
5161
8888
6548
6077
8623
2896
5661
2878
664
567
9275
1983
5762
9842
4195
621
2043
8001
8634
3742
6187
1817
8876
2564
4682
7434
1564
6221
6323
6768
9432
1955
6005
650
7615
3043
3815
1717
1875
3473
9052
4129
9571
916
7397
2361
1951
8533
8867
7038
6992
1590
9592
3739
9138
2999
227
1602
4752
4362
671
3286
4562
7598
5794
9579
8864
9934
6357
2719
6754
7027
1487
3686
3239
750
7714
8712
6821
2427
8911
2523
9430
3100
6243
5058
2680
3453
6871
2201
8895
8131
572
9187
3409
5687
1470
1809
3177
1692
5596
5903
8948
3410
1911
4024
6434
4368
4771
9048
6644
8933
3471
2525
8545
7523
8723
2674
1253
2747
7286
4893
1784
5749
3358
3959
1682
4160
851
6676
8924
6702
8137
2414
4723
3289
8635
4142
8779
6498
4298
8959
961
8885
9236
7399
9883
1187
3729
5343
7389
5740
6763
6762
552
3350
3165
8989
4687
8005
1379
1626
2471
6701
1018
1152
4420
6181
3042
5094
8964
5406
3073
5530
4996
4878
1255
8569
3492
6786
8416
5394
1714
1303
5555
5898
2743
3923
395
5732
8185
7415
9320
3383
1425
3233
6945
6529
331
2161
1215
5376
1479
1130
5564
8782
8828
6002
9219
4502
5693
6812
6369
9262
9128
1664
3684
8951
5121
6141
54
276
6517
7700
5114
8868
8500
6890
5080
8823
1562
8941
2828
5508
8771
1723
8445
6886
7299
5768
8713
2383
1959
9561
4598
2034
4103
6842
8560
3668
7950
441
6018
873
9894
8194
2593
3487
2292
2633
777
6191
7710
6583
3707
7584
5976
5441
9572
3188
9510
7103
4317
4047
6527
4431
4050
2476
1792
4229
7247
673
5528
5236
8012
836
4935
9377
9342
451
3535
9598
2231
2225
365
3678
7306
8719
7030
9344
5167
6672
7629
3437
9799
4002
3031
9283
6623
9870
3004
8097
8051
8272
7074
360
7500
1715
1878
7676
2311
4011
8102
7175
4232
7275
867
6624
2560
791
9945
3600
7876
2987
7510
7292
1952
3847
9221
2641
8160
2220
9427
8351
5067
9084
1174
5081
9497
3656
1737
7400
7668
900
8883
9741
6374
8981
3456
6308
6246
3979
9778
607
3498
4311
71
7284
4167
9958
4845
7747
3356
2866
7041
739
5280
1266
158
5617
8146
8132
3336
39
8805
2881
8104
1532
1646
3963
8431
636
8352
3337
37
3766
5713
8409
1860
8128
5662
2839
4568
6371
9771
5911
3279
973
1839
2622
1759
9232
7222
5812
2733
5777
8003
6013
1694
1712
7433
9126
5536
1629
5870
3631
6748
8563
4688
7952
8874
8884
8274
1101
6097
5270
9141
3646
5734
8795
2585
3072
8427
2000
8714
5515
7601
7963
9453
4755
5212
1895
3236
178
3538
6690
1811
7708
5031
2094
9601
7596
6400
7264
5448
8902
5705
5141
6798
2797
2433
786
1308
5962
2806
3753
974
2854
5878
1905
8696
5999
3985
2029
1804
8863
6092
1016
5573
5096
4578
59
6898
3685
2608
7733
4904
9604
1596
4713
3557
8469
289
4994
5095
7280
5179
835
6051
7555
892
1930
152
7754
2262
9634
1979
2956
1928
7592
4371
3396
6567
8773
4756
3803
4418
1070
4071
4324
5722
5735
2517
9297
263
1879
4767
9226
8207
2937
2014
7383
5806
9940
8878
5702
3077
6010
6131
5288
6007
443
5917
3309
14
6938
354
9913
5611
4548
5443
1495
7313
2846
1249
4010
7162
3080
7916
9134
2485
3953
5189
7672
9685
7696
6773
2010
3255
8216
530
22
4161
8391
50
800
2298
3718
5166
4710
2688
778
4959
357
7554
377
1527
9319
2592
3126
1565
8697
1381
9874
7455
9528
7230
1133
9829
8743
3825
1362
1351
3256
9639
5479
3737
1267
1290
8887
2836
7148
5143
5975
1963
8007
7059
2246
7814
7441
6514
2408
4159
6873
5205
6818
1358
1066
883
1552
2907
456
682
1316
5447
9306
2504
8748
7843
995
7767
5626
9564
4782
9770
5475
8838
5701
9761
9723
5503
3967
9724
5230
614
1570
6635
2343
5041
9293
9487
5338
7357
6622
6296
4104
2222
8595
416
2603
4045
6981
7227
6180
8099
3522
5403
56
9323
8018
7581
5163
5709
3075
913
6415
3360
8993
7446
5552
632
1185
1009
6855
3699
7302
6474
6164
7909
2258
8645
5730
4123
4739
444
6158
8769
8891
1326
1777
6680
7391
6602
9516
5440
3857
7632
6236
2330
3861
8198
5597
7792
136
7825
9199
5904
6307
9750
1848
1240
8653
9299
828
4162
2764
1162
3493
7219
7945
5266
546
3512
8388
1725
5414
4798
4948
7898
6677
5704
7673
2181
7989
402
7806
3058
1499
157
2051
3103
9807
7130
2370
7382
1561
4197
3095
2694
5952
9791
9239
7983
5835
8062
3116
4506
3178
6487
6316
9331
7933
9376
3038
2838
2101
5157
6314
3148
339
7791
6927
7073
880
2379
4765
5106
5822
8078
7763
5453
5575
5509
2073
8903
5034
6828
8046
1794
2020
3034
6537
3623
9130
2631
6402
905
1087
8662
2505
34
9505
8927
8803
8808
3045
4258
4085
1833
5152
250
7734
2514
7655
6986
519
9030
4784
513
6272
3183
7573
1074
9511
7344
887
8813
4559
9595
5728
5087
6912
5537
5037
7819
7372
7567
6646
8832
5668
8777
125
8260
3028
8288
4016
2416
8562
9451
830
3922
424
2115
2134
242
1525
4524
4650
9578
5211
2974
3206
9434
8287
5588
9102
9256
2705
991
924
1220
1976
3285
2423
5968
2032
8139
5213
8596
2858
2070
1442
1685
8083
2415
6361
3190
3224
1698
4313
1888
814
6755
5936
7010
2445
810
6937
1020
7377
8316
3002
6105
2387
7040
2488
8404
9040
4853
6545
1060
9473
858
5323
8283
589
1810
6904
922
120
4517
4314
112
6800
306
6300
2401
3710
6266
4658
9402
752
7524
3964
9123
7353
2122
6910
3119
6420
8609
5374
3221
3972
2963
212
625
4075
8192
5587
3425
6231
9172
459
2687
7417
6835
6061
1624
8385
3548
1420
1625
8259
6240
9350
6503
4048
7199
1749
538
4759
9024
7967
7005
5431
4899
7805
5723
3162
4150
7066
9168
6896
6000
9876
2420
7090
4341
3932
7388
4251
6682
8429
3269
6495
712
1648
5147
9590
4909
4266
7226
976
1798
7670
493
5582
7026
9980
4031
1134
8665
3990
6350
969
93
3870
142
2617
5810
9386
4044
6377
4168
1781
7622
2469
7102
6809
52
7474
1370
1254
9303
5292
9356
6313
2009
7735
4322
3799
588
6009
3660
740
7057
6395
1805
6509
9896
6661
3572
3450
2191
9222
5924
9192
4296
6834
7072
6714
4826
8434
8755
2099
9926
4864
7022
9818
1544
2625
587
6194
4605
1528
63
4297
5607
5421
7169
3213
6511
1558
2025
4929
6228
3859
5906
1408
279
1854
4386
5775
8447
1361
1824
4641
5069
5258
9752
6505
3133
7260
292
5365
9188
1790
899
2299
9230
2594
4811
2165
8163
4565
4203
7750
7758
1052
6090
7855
3692
1623
2707
3263
3303
9990
1796
4573
4859
3054
72
5706
4416
51
1634
5989
527
1597
6083
5591
2639
45
1207
8980
2825
2185
7161
7975
643
8326
1260
17
3312
9061
4488
997
3721
7870
1661
7082
9787
1744
9828
8844
8398
3067
4372
7267
6570
49
7777
7953
9739
7781
2737
6282
7508
9043
9229
3354
2961
7166
5349
5285
8693
6736
4072
1654
1217
8647
9243
7110
7588
7516
7061
6398
3452
6620
4490
2084
6059
9686
6206
9185
1852
1924
5352
8346
9370
5350
5346
9989
4729
1828
7726
3816
6244
3308
2356
9930
5318
1269
626
8021
8871
8457
8968
4066
6193
7827
418
8752
2440
6547
8031
5057
7597
7745
5118
7779
5255
4611
2459
4536
4155
8814
6534
3927
3596
9979
79
2570
7173
5780
9482
1120
5116
584
1140
417
3507
4260
7520
906
8729
3009
3083
1279
2686
8859
6148
268
9632
7401
4637
9959
3086
1880
5551
9178
3160
6163
806
8865
6882
8860
1435
3726
9383
5014
9688
7176
295
3094
8282
3108
2269
550
5496
4343
8716
9659
9880
4705
7151
4560
8478
3475
1700
6975
2403
3723
2693
2306
8644
3882
5235
1346
5863
255
5286
3247
4208
6227
2480
3667
1318
5183
2848
738
1681
3533
3215
3636
81
7163
9409
966
496
3107
6063
6203
9382
1373
2503
7677
2128
3846
274
7371
2261
9490
6441
257
6233
110
4471
6658
4717
4187
5418
6252
6909
5191
9779
1273
3138
3691
5612
6792
6433
1188
6983
9704
8515
1925
1987
1030
4747
8221
9491
2948
1513
9384
2830
735
7492
1393
1831
6866
8579
981
5665
334
5934
170
3524
9873
8787
2863
4659
201
9931
6559
4023
6599
6960
8873
9941
1014
633
3016
5635
9148
9726
651
2949
4200
5287
970
2452
658
1739
8249
5791
9529
3241
2275
6696
5128
3355
403
9005
5373
1530
9419
8776
3338
5250
8846
1779
9108
8553
4081
2337
5994
4127
7390
407
854
1539
383
8929
5772
3523
5851
1933
5742
4353
5799
8236
7885
7976
8077
5614
7924
9076
286
7348
847
7752
7050
5488
5176
648
3180
9712
1410
2394
8637
379
1547
8063
2607
6482
8604
8489
2376
8957
6216
5033
3291
2017
7948
4073
4678
5621
3852
3022
2217
6894
4999
9693
6743
4189
2138
5271
6381
9223
5387
1149
879
6727
2320
8226
7578
4876
7076
9417
1164
860
2817
7276
3545
2426
4684
9563
1703
9093
592
9468
788
5282
3703
7845
5501
1359
4693
1943
8193
624
7044
9184
749
3999
9835
9122
3724
4169
9127
5656
8792
6226
4374
3974
4175
6484
7661
222
1650
8020
1097
5884
461
2690
9220
2042
358
4890
7146
5435
5690
4596
363
9495
7856
8971
4177
338
1190
3553
4998
2450
6321
9611
2859
449
1730
7259
8754
9720
3662
2468
1031
4285
7867
6399
2283
8592
2976
484
9865
391
7238
4435
420
5425
610
808
2137
7055
5673
2664
3549
4013
3412
1329
4242
8343
2782
8554
7140
221
6506
8535
1670
2045
9580
4930
5667
1000
884
4329
7756
115
8245
3839
9459
9433
8303
3511
5776
6780
5516
5931
1437
5481
9830
4040
4287
3947
4205
8314
1384
5123
9797
4535
8493
4572
7294
8820
1347
4706
6569
893
4504
7630
477
2069
7052
1094
7245
4858
343
7479
2013
8270
3371
6102
4133
1736
6941
8491
8262
4360
8292
9623
1079
6264
4294
284
8768
7499
7772
264
3347
8483
3849
8594
6718
6874
9655
2615
7531
9054
2066
9863
9228
2794
9719
8620
4840
6287
2874
6984
8914
2586
6907
2685
486
8392
5145
6008
7954
1004
953
9242
5367
7423
7168
952
1746
6165
2819
9471
4646
1363
2967
2489
3571
1916
1504
9026
7376
8661
6297
1428
1816
3467
4237
3222
7185
2584
6058
8441
8784
7528
9643
934
415
405
1937
1585
9533
9381
9097
6681
5039
7996
3417
6954
7141
1766
774
5874
4656
8200
9776
8490
7025
2572
9156
7697
4746
4429
3130
1994
3864
6310
5893
6020
5151
4516
4725
9827
4783
5454
1581
9718
16
5263
6816
8368
7634
2497
4426
2140
3898
8417
6730
4830
4283
5852
6238
12
8308
1543
9666
2019
781
2713
2928
583
5535
6454
1580
4028
2997
1807
500
6521
4430
4485
5862
6067
9314
8660
5231
4699
1808
8164
1818
3526
4883
2644
1489
5869
7451
793
901
5727
8855
1827
1212
7654
7551
7158
8321
9018
7981
1353
6468
440
2871
2588
8100
4108
6273
5186
1394
2759
7566
2260
758
2763
7611
8004
8946
6530
724
5940
3155
6113
704
5210
2088
4211
285
5816
5514
9244
6298
6056
4058
1949
1517
5193
5202
2632
3552
2774
2569
6756
4836
1998
6674
4591
2579
145
3634
4379
8435
5393
7968
4392
2214
3807
1970
2442
9539
4046
8581
185
534
3910
3348
1652
6708
1352
1407
2389
9117
872
7142
996
6679
5833
4145
5175
101
1536
6539
3307
1523
559
4451
7774
3273
1651
8342
9337
5531
3199
6502
8305
3212
2327
1981
5644
6302
8969
107
3673
5876
4369
6342
1918
2853
2411
2534
18
2234
2939
3925
281
7152
9271
4806
6955
4950
3745
6496
6147
6621
159
7928
8826
5669
1647
8118
2610
4035
5061
2247
1584
7071
9856
2575
8879
1946
7660
7679
4447
2156
7180
3205
2104
5105
6480
7577
7378
8379
1795
7748
6366
8419
8458
4947
1194
7233
3044
7246
2237
2076
6478
2508
7803
6550
5243
5070
2573
7143
8937
1653
8087
5329
4843
7263
4974
5289
1814
1560
5581
5786
9143
5340
4792
5541
9599
5368
4667
7159
787
1931
385
1599
6519
1531
8390
9044
40
6884
9276
1938
2054
8797
9006
5595
3568
8583
4774
6728
5738
282
4888
4098
410
4544
3353
8577
7553
3398
775
7477
1887
2405
2897
4068
9803
5234
5267
5744
4538
8963
1537
1668
2951
6858
5637
4742
8667
7017
6627
3485
5159
7330
9928
6489
5747
8315
1812
345
8464
4922
7001
8532
9706
4877
7014
9300
5736
5015
2660
55
143
7048
5337
5927
396
4421
9605
7698
3445
7771
7608
2248
8399
6049
9962
1221
5664
1658
7127
7536
7618
2365
6249
4612
6078
8676
5746
4623
3677
7626
5979
9333
8140
6036
5517
6865
3204
1013
3519
2771
5942
7795
4624
8302
340
8802
8503
8692
7336
5499
3914
2326
9567
7338
8218
6591
1205
8199
6248
9265
1192
7823
7727
9762
2788
2455
4509
119
3123
1108
86
9021
7801
6700
3423
2880
355
4295
1791
978
1866
824
8932
3319
6044
3387
481
8706
5084
7054
9699
2317
3517
5137
5217
2574
2988
200
5449
1707
4495
3787
1617
4507
7255
8394
8084
8382
6062
2028
5670
3391
2256
4638
4021
2635
3413
2626
9022
2057
3121
7693
5624
9291
6143
160
7571
2434
2823
5072
1758
5144
6469
2683
627
4474
8153
3712
4255
653
1047
745
5781
8225
4743
4228
7925
6691
7798
5753
1234
2422
2282
501
8593
5252
233
2291
2606
5879
3941
1456
2180
2978
4192
6825
6838
3040
3071
1593
3184
325
2223
8537
8939
9392
2407
147
9681
1522
7641
9249
6640
8360
4333
4120
9548
3322
6719
3554
535
4121
6457
8393
70
7112
5370
2159
9307
3655
1761
7617
5002
7556
2267
8293
2749
8982
4245
8405
6597
1855
1320
5247
9647
7209
6562
869
7575
5170
308
8030
1972
956
741
4304
7419
4907
885
5119
7464
1639
7327
7549
1635
7731
6892
6626
1748
2591
4809
6716
3468
9734
4701
372
4022
192
9425
8220
373
7879
6953
9057
9125
6520
4003
8514
8383
9067
103
5977
9485
3232
9956
3772
9280
1137
5142
7144
7164
3268
5533
4508
1906
8256
2833
7628
1874
9872
4912
6887
9861
127
4991
6657
5512
3230
3490
5301
3118
6969
6574
7527
522
1774
6033
2399
5354
6528
4475
8806
7135
6479
2501
341
8639
1056
4937
5679
6280
4851
756
2550
6328
205
1088
6115
1063
3217
9288
3702
4163
3676
1858
5325
4921
4726
246
3822
5959
7818
324
7321
8043
2895
9194
8318
3048
8093
5717
7746
6285
8408
5955
4336
6257
9445
920
3978
4770
7495
5683
2230
4511
2443
4417
8076
7662
96
4199
5339
9042
9519
7262
2174
8643
8015
9825
7114
448
6068
307
7966
9259
150
2392
9401
6116