44
259
1276
1058
955
195
865
382
1634
1884
1979
976
357
913
1849
221
333
1125
872
1647
1165
1867
365
124
1469
1519
763
453
1819
264
1633
561
1900
500
1168
1800
1331
1237
27
1991
1612
1823
884
477
1997
1878
802
1773
672
1003
1784
1022
666
465
1190
65
1673
544
706
1569
1848
527
238
448
75
1138
681
1515
1854
868
899
541
1065
1767
282
1919
458
653
1644
1548
1977
245
1718
1811
240
1793
1333
1521
106
8
1209
1427
618
1915
627
1950
630
1131
134
560
1014
1702
1537
1297
235
208
1726
1775
490
139
1973
1019
1995
1965
695
810
1998
927
267
1404
1518
1999
1621
852
1188
540
176
6
1596
1516
123
231
43
174
1140
887
165
212
353
862
288
717
683
1471
788
423
1970
1575
473
1336
1753
1788
1196
1661
94
474
322
700
1010
481
1677
1494
1175
928
150
1445
1029
639
1974
1159
1156
857
476
1382
861
294
518
339
866
1085
1187
1685
1573
1004
773
731
1490
190
229
492
416
784
367
299
961
697
227
1832
1405
138
792
1728
726
1357
526
1242
1424
1834
1686
280
954
179
671
1808
295
1378
1257
1263
565
368
1930
222
1864
591
536
189
680
610
1981
662
101
542
197
445
1320
1267
1951
581
1217
897
320
1745
1713
403
241
938
930
1070
816
1562
1326
1513
459
128
1277
16
1117
1512
109
377
349
1931
1749
1952
1837
1422
780
1817
946
1129
1710
1962
1056
374
1856
676
1449
1144
205
488
1595
831
1386
1133
944
1810
957
400
596
1083
1623
1374
1343
1898
201
15
118
1672
1626
1567
422
1093
1663
804
941
346
116
585
1406
1892
243
1298
1601
1050
1665
1920
1731
1220
164
396
1104
1696
140
501
1323
265
1280
307
487
239
494
362
1454
1412
56
876
1933
361
79
480
461
1764
1801
1739
5
1916
833
1778
1695
1531
159
270
447
1330
1211
545
439
317
1061
1520
392
1636
310
923
1522
1852
1195
926
1059
1911
1212
1678
1841
1008
1401
1384
184
39
1067
171
456
1510
1769
1252
277
1863
432
597
931
906
881
22
1526
783
848
1400
1747
469
749
25
1772
513
1101
1780
1243
1455
340
230
1538
602
1615
348
1051
1164
1077
1350
1805
566
628
1087
514
520
1458
698
1687
257
1721
163
1582
64
152
96
1826
1296
974
112
89
1903
1609
1385
1135
475
1670
1436
1671
718
874
54
131
76
1993
1460
1153
1410
1151
1105
108
1743
1231
73
880
177
1926
1241
607
532
1240
145
1525
68
153
1960
1511
133
693
753
1236
1675
1221
1256
761
844
1795
1176
744
587
485
905
1666
350
420
375
233
546
1689
1754
835
737
652
987
1284
479
1699
1092
826
1078
1604
1508
502
1588
1720
1229
1279
433
351
641
1255
808
716
336
609
1403
2
762
608
187
1157
875
854
775
1907
160
1045
1794
464
685
130
811
580
748
1755
1493
1234
1301
1825
14
1804
949
1383
100
1474
287
699
1541
1896
499
505
1109
967
1421
224
1001
1182
158
528
586
703
1453
1843
889
111
1126
1846
335
942
1036
91
137
301
755
394
855
1215
1426
1214
436
1622
1580
673
1763
1389
1147
1600
1113
1556
223
268
785
105
981
185
1568
684
1420
1245
3
147
454
1613
1667
1442
624
84
1880
660
366
1857
406
1178
1589
1650
207
840
592
1507
978
1818
285
777
1940
867
136
1500
1418
47
1023
1827
1409
1295
574
1440
1980
519
1658
359
1107
633
1483
664
651
537
1579
200
497
9
1414
302
11
209
584
1337
1118
61
1785
364
786
939
1732
132
701
478
1408
1213
898
1304
870
962
1781
1641
1191
1030
1274
1089
114
1305
143
1691
1750
922
1415
308
1012
1226
677
169
198
813
1861
154
828
1031
730
1813
1706
23
1042
378
830
530
1822
1859
1504
57
682
1216
1921
1206
1608
92
1901
168
1549
859
1033
1025
636
315
809
895
1812
328
411
988
31
1497
1235
1186
635
1447
452
126
614
999
395
1354
720
468
1789
1462
968
533
370
1738
119
756
236
1760
1797
1982
638
1983
1053
845
647
1477
484
619
1833
251
1969
1039
1227
1551
1944
237
571
278
772
914
1419
1891
538
1701
1968
1158
1275
1923
1069
38
1674
864
557
1265
1425
1698
646
873
1603
768
1807
674
696
1249
284
563
1485
486
1394
441
911
935
1796
442
1509
1205
218
1498
650
127
631
558
896
426
1246
1945
1936
1472
1853
551
1379
1782
344
795
1858
1479
1098
770
1062
654
1204
547
1287
601
721
766
1529
1068
425
820
782
1828
21
605
1288
74
890
1115
771
692
419
444
713
1877
493
1860
1266
1261
1503
1990
1174
1311
841
463
1048
556
511
1616
1097
1723
316
1452
632
751
943
791
166
1851
525
757
860
863
120
778
45
1347
1142
992
1397
1546
1446
710
1349
1407
1335
1831
510
576
1488
879
1332
1437
232
1355
1172
1317
161
1838
963
985
1484
1348
732
1189
951
1139
1047
1729
204
825
1899
688
1654
1281
1052
1599
1741
1239
1694
1935
1873
769
496
1536
1937
438
35
1103
1914
1040
1373
1251
779
414
950
1803
1017
1724
1740
401
606
1746
657
975
472
508
1587
1163
805
1759
180
1200
904
219
314
1137
1635
1468
933
736
1095
595
398
1639
554
338
794
1066
568
460
1554
1254
1148
1776
1443
1770
907
1024
1322
41
847
255
1581
1366
1774
1009
945
1642
642
649
305
966
1768
920
970
789
87
995
1399
1692
1890
1502
973
228
937
626
1000
4
1369
58
504
1084
261
300
393
192
1179
1194
1499
1368
451
1742
424
196
1704
1417
495
358
822
745
1334
1597
1971
661
1291
1839
1219
750
1475
983
462
253
894
834
643
539
1543
135
1648
363
1555
550
1294
1464
62
387
1640
1934
226
1467
918
1312
1038
269
379
1433
1161
1607
856
1618
371
877
1371
421
293
747
1269
142
1431
1222
1020
80
418
1592
1353
850
90
332
385
729
1652
759
329
1441
1253
181
670
52
1730
489
1463
912
321
1975
283
1306
98
1181
77
594
1457
853
40
1346
1883
617
1868
709
622
1390
273
1367
327
801
838
1377
740
1570
754
1119
1889
663
1913
1917
402
304
552
30
1057
793
1845
814
702
1590
1489
1657
1169
178
1185
637
1972
1112
99
1572
1904
1963
183
1779
1505
598
1632
1465
1697
871
616
1957
46
694
151
656
71
384
1574
1402
1342
1132
1271
743
1606
318
471
1949
924
1985
1043
1183
934
1171
1143
1318
19
1922
1364
32
1591
516
446
1593
827
739
1
1989
1262
1664
821
1762
397
1005
1352
1035
405
989
1540
115
1712
1434
206
1180
846
83
13
360
1561
902
1947
640
354
1909
531
388
948
1941
167
1662
817
217
1725
1307
843
940
417
1558
553
1152
263
1954
341
572
372
667
691
51
535
1250
1448
1707
172
271
900
1122
1428
659
799
689
1223
665
146
1130
213
1082
1303
1228
1879
1594
901
1727
1816
1028
1876
503
203
107
1160
1560
491
1620
796
1844
103
1338
990
1086
936
1850
634
409
413
1577
1660
457
980
1074
437
1987
1027
274
798
1783
427
1637
1627
1439
1629
569
523
776
760
1872
917
1571
892
1966
764
399
430
1155
1602
1942
24
1705
767
1270
704
1792
1079
1461
1939
412
1202
1545
993
1044
260
1049
765
1709
521
193
1054
26
1862
1563
797
529
1136
1293
725
648
1396
1286
1123
306
121
93
1956
1392
1238
1309
599
1308
1283
1684
1360
431
1041
1840
1871
515
202
246
1996
1365
1381
1224
1210
752
1646
1451
234
1875
1090
1559
1578
1482
878
1610
997
893
929
214
1120
977
1994
645
1208
1655
1032
1830
611
1814
380
919
1653
522
1395
578
1894
72
1299
1432
1416
330
298
1244
612
1146
1897
1943
319
1986
1481
1387
711
20
449
110
1321
1586
909
832
326
1824
1363
1765
727
155
506
141
1327
1124
296
746
1011
1111
1869
1722
86
1611
210
982
1946
1470
1232
1820
1278
1491
428
965
886
386
1821
250
1313
1598
290
952
1388
790
1912
960
1643
17
1230
1617
1984
972
1737
117
1150
1630
668
408
1885
182
1638
1341
1501
42
615
548
220
1315
851
715
1757
984
787
869
1787
1361
1874
991
440
1015
577
1037
1734
466
1906
1128
1476
1258
958
669
1799
925
1748
1534
1829
1679
1605
604
1162
1659
342
1486
1733
964
1771
122
1925
1918
708
29
1631
1316
1683
679
705
1855
588
247
1532
256
1362
289
1715
60
1682
1527
1268
758
507
303
1902
292
1651
1166
1496
1473
1564
149
1487
621
1435
1324
1992
781
956
356
719
470
381
1976
1791
996
49
979
559
806
113
849
1398
994
1199
191
10
1552
129
1517
199
66
102
1114
1514
291
1314
655
1815
818
1184
829
593
1948
1372
1557
345
1282
1530
1096
1207
882
53
1376
509
707
534
1492
272
1002
1064
216
915
1932
908
1300
1978
325
1533
1173
1735
1106
1836
175
903
434
885
1393
55
1198
1756
836
1099
1961
309
1553
1356
613
1758
675
252
1080
686
0
1870
1624
1964
188
512
1480
435
1375
1141
1585
824
1071
1149
1908
1887
1959
1711
1924
1842
1645
276
67
1177
34
573
1247
910
63
1547
1127
1786
524
1018
1802
1203
953
1110
1888
564
1466
1102
1576
1007
1910
1292
1744
1438
1719
1121
1478
455
1583
1882
1154
714
1584
629
1928
722
483
733
337
1325
1260
1736
1423
823
286
59
1370
1528
334
1145
969
800
959
620
724
971
1680
248
1310
734
1100
1063
1766
297
1021
36
242
1777
266
1218
1359
883
1358
1809
575
921
600
678
1619
1798
738
1955
443
1273
623
839
1790
1523
1328
1886
249
1450
1866
262
589
407
78
1929
1076
807
1542
383
1988
1535
88
1034
1091
1094
1835
48
258
517
429
1700
1340
842
275
1272
415
1752
1676
1656
741
603
281
373
1072
1669
1717
311
1865
579
1046
1459
1116
12
1806
1524
1688
254
582
50
819
450
932
774
549
313
156
625
37
1693
1953
1881
1264
858
28
543
1248
279
1013
712
211
1893
82
590
1167
1055
162
1938
803
69
723
815
1905
1259
225
1193
1550
194
562
312
1495
916
1233
570
70
1290
352
1329
1690
1649
1411
1566
104
1108
33
1703
644
812
1016
1073
1285
1201
1075
482
1197
355
498
986
1967
583
658
85
1192
1302
1026
170
1088
323
1289
1681
998
1708
567
1391
1134
390
173
1895
1006
157
837
742
1714
1060
690
1625
888
687
324
404
244
1506
1614
1761
1081
1339
1319
376
391
947
125
331
1628
1668
1751
1430
1351
186
410
215
95
18
1958
1413
1456
1716
1344
1345
1429
389
1847
144
97
7
1444
1539
1544
735
369
1225
343
1380
1170
891
81
1565
555
728
148
347
467
1927