614
1826
1873
4365
4610
1580
3353
1010
2791
897
4364
402
2166
881
494
2916
4681
880
1682
4973
4600
1763
4537
3730
4647
3470
2159
1553
557
50
4430
3898
125
128
4626
4563
738
131
2917
4435
1250
3253
2567
9
1376
4280
2142
890
2953
1272
789
4461
4131
1399
805
2249
1009
987
1615
713
2480
3974
4460
2964
82
4226
4534
4385
4677
658
983
4137
1063
2993
1150
1978
207
1585
852
3531
4008
993
3560
2374
1254
2703
1298
3354
3154
3573
3006
2712
3413
2939
51
3068
923
1561
3132
4278
2099
3298
3291
2605
2137
1969
873
360
1283
2068
3971
3987
4620
665
4000
3312
3953
1023
1401
3238
727
149
4367
3423
3584
4485
3638
3392
723
1743
3928
4696
1653
449
4660
3960
2210
3596
2620
1290
2888
1149
3391
2918
3877
1875
1524
124
467
39
2319
4087
2610
896
3105
934
4200
4124
1970
1601
4719
309
4036
4456
4817
706
1900
2780
3210
1216
790
801
4
3678
4104
3483
1911
986
3102
1598
2654
1579
2607
4199
4663
1359
1727
2569
649
4418
4929
4849
1865
216
781
1156
2760
2289
1907
2205
3163
749
4759
2640
4074
1738
1291
3694
1810
3871
4992
4432
4770
1384
2446
488
2253
3885
3269
4627
4982
4683
4943
3551
1532
2586
1194
1753
291
2623
730
1089
4042
4822
982
3941
4846
4981
532
1597
1212
671
3456
2776
3550
2364
2971
1941
990
3286
4557
1461
2600
1858
4338
1137
2521
4459
4507
4699
533
622
2647
3333
1424
3908
2732
1647
4671
1813
818
3900
4296
1816
1599
3741
2829
2173
367
4256
4687
427
676
491
4025
1555
164
1458
907
4018
4623
1709
4790
2691
194
3579
1659
442
1855
1213
2630
4475
959
3430
4545
4314
4547
3880
3066
2229
281
4809
4327
260
4640
3289
1185
3237
1726
1965
1201
3100
3255
553
4708
14
623
2937
144
262
395
4990
3649
3171
4416
3496
2066
4978
4487
1132
2700
1343
1229
61
4094
2915
4952
255
4128
2184
2542
2794
611
2831
2982
253
2902
3277
3143
2768
2457
3875
2510
2200
2387
4141
1974
246
1605
4913
3436
3710
3846
474
1837
1365
4193
2497
3174
455
4011
4966
4828
855
4851
2422
4664
1688
1036
3022
1752
2054
2735
4059
2922
4961
3305
1827
4955
2998
178
3313
791
3820
3122
3993
4930
3161
284
1878
2451
645
1996
1629
4682
2969
4622
2281
4267
4004
4923
3075
1122
383
1848
3369
3625
1675
3373
2240
2306
950
3461
773
2772
1840
1677
764
4670
4016
414
4645
2133
3117
1477
2145
1521
1333
1148
2914
4763
2193
545
480
1586
3307
4599
4184
391
1758
1192
3567
765
1391
719
4538
373
3942
798
2290
23
2867
675
1862
2455
4689
1319
704
3632
4356
882
2283
184
530
1162
927
2189
1366
3675
412
2978
728
3399
3697
619
417
1725
3017
1452
1447
2817
3681
4020
170
814
3433
2427
4223
849
826
334
4974
4315
2719
2064
937
1145
2202
1825
4803
3896
1386
3402
4820
4155
2251
2021
3626
4744
396
4618
1442
2636
3074
2805
2885
2168
2571
2923
1857
2695
2856
1617
4292
2787
1712
2897
4407
1798
3315
4368
965
4651
245
4596
2716
780
99
1661
4850
4777
316
1079
4216
2192
514
3009
3420
3813
1481
3795
2378
83
1971
4843
1304
1108
1123
4417
669
571
2676
4320
331
2940
2177
3964
3031
4958
4693
4921
2707
3652
2183
1378
2239
1342
885
3866
289
3447
4861
4594
2975
3516
4835
908
4905
3383
4144
3010
3691
3563
2747
1293
962
3972
2449
4788
3519
3990
4127
4714
198
1470
3112
4925
737
1634
327
2247
1077
570
3657
1459
2710
3522
2271
2512
981
2833
4944
2147
2857
3926
839
4617
2317
1662
3758
2653
4255
3220
3337
4458
4206
489
2870
1360
2223
2104
3585
2694
2073
1550
3156
4749
1028
3235
4236
3325
1053
2585
4203
562
1133
2087
4150
1372
2481
3830
4157
3049
3754
1846
1463
2084
115
1092
2823
1475
2862
2444
2809
3955
4918
2629
4047
1591
17
3272
2556
3056
4035
1979
4975
4171
1972
3057
2896
3079
1542
4028
3229
1252
4201
4408
4041
300
3985
1794
772
277
4161
2020
509
481
947
4576
1582
569
4808
2755
400
4637
152
3416
3479
2195
2714
42
407
2188
485
387
1230
3785
1325
4543
77
4847
1645
2746
1976
3688
1593
4727
213
2245
1175
1587
2356
3859
4615
4877
3772
2381
1258
2826
2502
4712
457
2491
3712
1104
2040
2067
702
3728
1575
2410
2872
710
4067
435
2757
3474
1633
4641
3599
2884
707
1908
4492
2627
2962
311
2893
3185
522
1625
1357
1178
1284
441
3804
878
1331
4891
1390
2908
151
68
2851
926
1049
3087
1129
1398
2992
1995
4015
4486
3135
4871
4411
636
935
754
1082
734
628
1562
3512
2989
3095
4344
3507
4976
1683
1338
4528
4083
2967
1666
1648
4760
1997
142
3523
270
2901
1462
3329
4876
2149
1710
3410
431
2335
1658
4279
3935
2354
215
2323
1240
2211
4294
833
2842
4954
4462
763
3526
2034
2911
3863
1484
745
909
3172
2883
4118
2957
1691
385
2560
4352
4162
4898
3476
3294
4776
1311
1942
3973
203
4188
3014
4077
3138
1516
3753
2074
4748
742
497
4781
3849
4034
3356
2534
2595
2727
426
4956
1866
1936
2594
399
785
3067
4178
3481
2233
2302
2042
116
4043
4988
1351
2665
1368
1094
2412
2445
3544
4068
4825
1782
2563
2535
2199
3707
278
2470
750
2185
799
145
2158
1097
1563
4381
27
3064
2604
652
1171
1480
3155
2731
2002
3949
3052
263
1664
2820
1095
2330
3899
759
3912
69
3251
2683
1689
4423
4464
3384
283
1027
2227
1895
1927
4937
2440
3582
4323
589
3794
193
3736
161
4514
2213
93
2143
4560
4084
3561
4262
3362
4108
3147
2286
3671
394
1146
1737
4639
1426
4498
1026
2144
4149
4472
1894
2091
1236
3994
1300
2538
479
4646
4342
2657
1302
3929
3458
4782
271
2291
2355
2469
4713
59
566
596
3145
4780
4994
4075
342
4274
1788
2976
285
2116
964
2834
1984
4037
345
1227
2774
3751
3218
2599
4608
1892
686
2017
2754
4058
4907
4079
4529
2065
3358
3062
2781
104
4863
1393
2181
2642
4326
1096
1775
173
2641
1080
4657
3398
3810
1628
3195
2706
1174
2360
453
2243
1323
1186
1126
1029
4397
4040
1371
1551
1259
803
2434
4515
691
179
2361
724
2887
1472
4773
1074
1130
3547
3897
4348
4230
3981
137
4090
2949
4491
1329
326
3096
4551
786
1006
4731
3680
3788
644
335
630
4373
2946
2398
2295
4772
4310
354
586
4806
2071
4589
2473
4707
2080
3578
155
1741
4129
3713
1539
2796
4605
4603
4065
6
3166
3202
3033
3206
3644
3201
4816
4555
3664
511
3480
3814
2550
4972
2363
3945
3631
4911
2532
2421
2900
4523
2980
190
3110
683
3540
4870
2039
2127
3153
78
535
3744
420
4500
437
697
3451
2879
4562
1768
2919
576
185
3558
3793
4598
3967
4548
920
1518
2508
2551
3113
2681
693
3254
3081
1660
4273
2853
736
3377
2027
2426
2839
1863
1852
370
4353
3302
2698
4526
1993
2201
3120
3123
2048
1084
324
741
1223
4091
67
1715
118
906
1983
547
3011
4052
357
3554
1264
2680
977
172
624
2759
91
4269
2108
1322
1121
1931
3407
809
1720
3887
1242
4964
549
2304
1919
4648
3834
1278
2244
2055
4049
582
3376
3721
2522
1962
865
4227
2672
4818
976
2501
269
2965
4237
64
1440
1784
3431
22
3497
3322
45
141
434
4769
295
2818
2057
968
1730
4730
4906
3462
2007
1490
2280
709
4503
4192
3150
259
813
4409
1396
4695
824
2165
3894
1044
4766
2215
3452
3259
3841
3365
1525
1115
1568
1345
4734
3769
1797
3906
2261
2109
4805
2793
351
905
3086
1203
2804
610
2739
3530
3084
1854
2004
3271
3703
2671
2433
3
1624
1930
1287
4840
446
4747
1090
1507
3635
1332
4220
1952
2638
4406
1870
2234
775
2547
821
3799
1535
4628
3168
4419
2863
3215
4919
1527
3796
3534
3184
3556
2723
287
3258
1043
114
674
3761
3036
1127
1375
654
32
3414
265
2518
4832
3676
2061
1780
2854
708
3998
2580
4291
3199
1867
3425
4890
3196
695
1546
2332
314
1806
3346
958
247
2996
436
2811
3071
1943
2572
4479
2945
1982
3455
3617
825
1072
1039
3874
3527
297
3915
520
4750
451
4032
1838
4466
3127
3968
2209
3879
2895
3932
3345
2228
378
4879
4427
3374
2236
1219
4509
2001
3233
4904
3015
2025
348
3856
4066
4629
448
2496
3603
1361
4116
2673
914
600
160
4797
2745
4290
605
4166
2346
2119
2459
2523
4862
4096
492
2139
4374
3419
2092
2232
325
404
4350
3186
4228
1947
4140
413
966
2235
3099
1961
2296
4477
460
1980
3983
2375
298
3478
755
2102
2429
3080
3642
4380
4383
3773
4909
4852
593
4757
1313
2110
643
2018
1985
2153
1076
954
2635
2248
3665
4667
811
2576
2467
4304
4248
165
2386
2328
43
1024
3498
3690
802
787
3598
2287
1807
2023
3668
585
2559
507
3207
2686
1879
687
2920
615
1172
4880
712
1503
4508
4309
1314
2224
4085
4837
4932
1673
133
2272
1986
3836
2786
4481
1004
1989
121
1923
397
3355
929
944
4102
1981
1818
1717
3618
2633
2416
2443
1101
2
3465
992
210
2163
4218
2846
1476
2394
1288
235
1522
3943
3954
973
4235
1890
195
1765
421
980
4277
4359
1294
4613
2527
1544
3957
224
816
4361
4775
2530
1370
1504
3241
4449
4575
4400
1685
4071
2761
371
1960
1052
2848
784
2619
3351
500
3524
2376
1796
1355
1421
3940
4864
4468
4082
4101
1702
330
458
167
662
1652
80
3435
55
3247
3101
2601
2231
2336
1031
1916
3390
2797
3533
900
3939
2019
3878
2372
2060
626
336
688
2581
2358
4250
4834
932
2050
4163
2414
1275
3427
3904
2724
2385
1289
1251
4675
3415
1829
4482
429
3308
1733
1990
3868
1128
3661
2666
3612
4601
3482
1988
4684
1694
2161
1841
3169
2763
2413
4984
2509
2214
3267
3708
4070
1350
3776
3339
1771
1197
823
308
4836
1385
4931
3375
516
3743
1474
2301
4949
3027
1610
1926
4856
3832
4570
2014
3078
1449
4873
217
3850
1773
548
2813
4512
4351
4680
4325
495
368
2393
4331
4179
4390
1883
1668
2488
2178
3883
943
1299
3152
105
1719
2285
902
4152
2511
4593
2392
1124
1747
2028
4823
1604
482
275
313
4332
3485
1324
868
4175
2138
3818
4264
3327
4662
1427
4377
3421
4033
779
698
4080
4672
3034
2155
4023
1618
3893
4619
2478
1274
3038
612
4778
1369
537
1872
1033
1940
4303
1512
985
2655
3484
3536
2350
4469
3394
3492
3301
4875
3245
597
4866
2325
2303
3718
3140
2728
679
3870
2868
1749
4691
2032
2276
1847
2309
1889
978
4504
3513
768
2513
4455
4993
3970
2428
1612
793
573
3614
1439
1638
1207
3821
997
4910
2432
273
3347
1626
16
3181
3905
1034
2448
4115
1016
2894
379
1803
3808
4786
4830
180
3338
4457
2171
1678
4017
2733
343
2588
4522
2277
362
2662
4452
2124
4996
3825
3026
975
4533
1703
3441
1671
2179
1286
1869
4086
552
3116
2466
1868
4602
2121
4814
303
3982
617
3952
2221
3756
2995
2362
3475
4793
2852
3372
551
2779
4488
1881
1897
578
4371
1159
2531
3570
2463
1321
3689
26
1434
3778
4404
2634
2058
4316
1193
1187
70
3266
2685
3019
1891
4006
4343
2409
3864
1901
4868
2822
1836
3151
4490
3445
4176
4541
1189
3363
4319
3487
484
3922
3212
3844
1828
2752
1680
1305
3762
1944
3833
21
4499
3157
717
4234
1859
971
2861
2371
3997
3054
1380
4783
4185
4566
1404
579
996
572
845
1606
2038
4392
2366
4412
315
1249
3725
3148
2624
3815
731
3748
556
3504
3723
4257
1811
3144
2795
3783
4109
1903
4288
806
2584
3282
4700
604
4497
2898
2131
1138
524
1665
3669
1631
3511
4088
4089
3988
4135
2118
4807
4208
3396
4333
3784
735
1564
1196
1208
306
1235
3559
1165
2015
2997
945
3775
4516
1070
1307
4165
577
1770
2865
1295
1167
4633
4024
3854
4471
4928
1269
1937
2052
3663
2257
4883
1882
3467
4571
4318
4997
1792
1572
3910
1163
2830
4951
380
2315
4245
1257
1460
3774
2487
1041
2342
2541
2388
2187
918
732
1309
220
1205
301
4259
3039
3378
3230
3304
3137
4403
4527
3090
1466
4125
705
1674
3296
1155
1267
2275
1211
2368
3587
4532
1131
88
3477
4859
2912
3735
1093
3687
4980
493
794
3224
807
989
1754
924
1921
2380
539
1918
4382
3397
4960
1686
3295
1015
1994
4939
3226
526
3088
29
2815
496
1469
4785
4195
3453
3510
4743
4212
473
4569
3370
341
863
1297
2591
4756
3699
3464
1431
4474
601
3228
4426
1206
1759
2494
490
2910
3024
3539
416
2979
2929
1548
3108
1517
4190
191
122
4311
4271
2562
510
4967
4752
3418
2742
3417
3217
659
2684
2343
3602
2564
629
409
1188
382
2961
1341
4810
1078
2718
2242
49
3341
1478
3683
4142
3920
344
1032
2069
2935
1190
1180
2009
3696
3543
4530
3616
2819
2951
1479
916
766
4833
369
3141
4725
3401
3984
4153
2621
2030
1722
3895
3716
4896
812
4915
4143
2384
800
302
3069
3041
946
3947
1769
960
3595
3046
46
3651
73
1975
3446
4463
1845
1684
1589
4268
4754
1643
2284
2035
2555
4335
1402
329
1153
3826
1649
310
603
110
696
3591
893
4297
468
2370
130
3771
640
1706
4573
2045
2098
598
4224
3077
1584
1594
4737
3750
822
3244
4312
2154
206
758
4579
940
4908
4892
796
1467
4631
3765
2207
3426
4433
4679
4815
294
4328
2968
3770
53
4431
470
1168
4658
2353
2308
4767
440
2646
4690
1403
2000
4114
3806
4321
568
3440
4202
4957
4249
3335
867
4160
162
2365
214
1951
3408
1839
2926
4985
3541
54
1422
3232
4874
668
2082
4616
4729
846
3012
4999
2230
1151
3606
3835
386
4506
613
183
1040
1728
753
1508
2097
4962
3921
4762
2693
2771
2669
995
726
1292
2628
2788
4405
4656
2504
1356
3013
3917
3843
4307
35
2696
3388
3173
632
3125
4995
4953
2278
1808
4735
3911
3791
4518
2495
2063
4438
1336
109
4519
3782
1697
234
591
972
1140
3411
1200
618
1569
4002
4391
808
79
3242
912
564
3809
156
1173
1025
3645
3605
4753
1374
848
1038
4900
841
2972
3552
3514
258
261
2741
2270
4884
2049
1066
3395
2100
2150
1244
321
2225
1114
305
3760
2329
240
3124
3146
4434
2835
4454
3111
505
2078
2734
2679
862
2090
3572
3316
388
3812
19
1483
2943
3963
1377
1914
998
2648
1880
33
3667
1898
661
4885
1166
138
1864
94
3698
3517
4007
1505
1904
1255
2886
2948
3817
1821
3243
970
692
25
3001
2424
1456
2858
720
2974
2843
1102
4977
1224
534
3715
1608
656
3686
3745
4210
4014
3178
58
919
2715
4546
1896
267
1057
3673
3364
599
3700
1436
4105
3557
889
1774
4436
3466
4378
2765
2450
1699
2878
1520
840
4867
682
680
337
1316
4568
199
4802
3545
910
237
4300
857
365
2011
2704
3574
3094
3360
747
4950
2273
2320
4158
2597
1268
4649
2847
856
4965
2711
3867
2909
1570
4692
3438
2803
3359
1362
3640
4938
559
1639
4053
405
266
1354
4511
639
1497
2740
2941
2160
831
2606
3869
3412
677
3613
782
2156
4738
1020
951
1068
3767
1367
4510
2113
2307
406
1790
3444
2029
4634
2489
1530
1905
1619
4586
3292
4189
2305
2528
602
874
1125
1450
2644
422
2973
2403
2767
3717
1116
3848
3950
847
1646
1571
1282
1118
3610
1346
733
875
1616
681
4986
1874
888
4093
1966
2622
1799
3028
465
4703
2471
238
2203
2549
3070
2047
1301
1708
148
3803
1005
4784
3278
1672
2924
2931
2775
3257
1256
123
3629
279
931
3956
1698
2722
4106
1835
4901
3343
3969
2558
4882
2608
851
1400
655
347
1948
4764
3183
1455
3299
2736
4241
4935
4581
4912
1007
574
3098
3737
4755
1761
499
955
3575
757
627
2991
1232
1246
4012
2966
648
2598
3855
3021
4839
3677
126
650
4539
2435
1851
37
2602
4324
3287
4811
3288
4845
2880
3472
3528
3621
1762
2514
2208
1973
2778
3992
3569
2377
1781
2056
2430
4366
4446
4878
3424
3999
2845
4559
678
1220
1352
2106
544
541
129
762
4643
1885
4544
1963
3746
2721
3357
1554
1567
771
2677
1202
2431
1273
3845
938
2298
2942
4159
1556
4789
565
2167
3261
1830
1746
4531
1757
4987
3264
1663
4252
3752
4580
102
844
4313
4505
3121
670
1690
3284
2561
2814
1913
1176
4724
4963
2238
3340
2903
4666
646
3279
2933
769
4420
4720
560
4525
3162
2905
1238
1013
3488
1392
4721
588
1098
3204
2359
4113
1003
2452
859
1429
1925
1627
3839
1834
3160
2351
443
1622
2697
1526
2583
3946
1047
390
3256
4194
112
2391
751
447
3881
1693
1453
3692
2617
432
76
2096
3508
280
1002
398
607
1822
4379
4736
538
4741
4394
2212
3650
2625
4441
1334
2349
694
3332
487
154
410
1949
518
3633
3085
2026
3564
2062
1534
3248
2268
3634
3405
2474
583
4865
4842
2475
1454
4298
699
119
44
4168
1260
1446
3486
252
3860
318
4388
513
1815
1640
1630
3274
4123
3662
2668
4927
4739
411
4295
353
1152
3711
3303
3655
106
4661
3790
3142
3400
4265
2396
3749
359
4686
2490
1902
1353
1833
2222
810
4139
3995
2596
134
3594
2484
506
4673
2981
4916
2890
2312
4180
1713
3891
1731
3628
2347
3324
4395
3532
2006
89
4726
2128
3219
384
1312
4393
3007
2651
2913
3892
2674
3851
3501
176
4242
3175
3314
3583
3318
189
1800
4604
282
2204
3293
322
2256
2545
1001
2197
2264
223
1557
1887
1310
1337
1280
1537
1850
3449
4054
3755
3838
1955
2464
338
423
197
4765
1412
36
3320
1729
2182
3977
1536
1957
1681
4009
3428
2140
62
2743
2650
3604
4357
2094
1493
1141
1783
1042
4609
2749
4349
171
4340
3991
3328
4653
1062
3406
663
2269
561
3829
4287
276
15
2944
1491
4021
4283
3622
1533
3234
4941
4062
4056
2462
4046
673
4360
2297
2688
2237
1142
127
1064
4145
4064
2970
200
1812
2405
795
3672
876
4574
3907
2708
3934
2390
3450
1019
181
3443
2936
3471
2186
1326
4711
1468
4715
2141
3720
895
403
854
1441
2891
4038
1349
1158
3055
1511
1876
2442
2827
567
651
346
65
1488
4239
925
4694
2262
3058
899
1415
1046
2294
3702
933
3537
4688
957
866
2725
1017
911
543
1405
2402
1590
4369
90
3593
1849
3727
512
1226
4384
684
4473
4421
3903
4284
228
1669
3816
994
3002
1276
2806
264
2311
3722
3729
3709
87
2927
3601
186
2005
3275
317
1620
1565
4112
4945
7
211
2152
2263
1008
4132
3225
4225
558
4922
1117
3188
3190
3704
3460
4346
3739
1279
4444
3020
3115
2101
2453
3659
3349
52
456
3646
1416
3857
3515
1344
1428
205
4535
4322
2892
2616
861
2255
103
1795
84
3566
1756
72
3757
256
3923
2570
4174
1160
146
760
3648
272
4299
2288
1169
381
1968
3682
1779
2500
296
1363
4045
3562
1247
3759
2566
2726
1718
4133
1383
3290
1081
4181
1113
233
4281
608
1805
3404
2517
1492
1107
2010
690
2573
2218
472
1154
202
657
2282
1764
1924
3368
4285
3505
1809
2352
829
419
748
1877
3807
3306
3695
2313
4302
4799
3003
4565
2932
4934
4582
4728
475
1920
521
319
1320
2658
3763
3023
1397
2860
2369
2120
700
4971
3268
3924
4592
1967
1607
3740
1022
3581
1740
222
2322
3733
3600
158
4665
212
1327
3823
3861
3643
2260
660
4650
333
4445
1045
2252
3205
358
4198
3309
2592
2983
4260
672
3361
722
1802
3961
166
884
894
2093
2812
63
4044
3000
2079
3852
1021
4330
953
3159
4831
2656
1147
2637
3925
1182
1655
2454
3005
774
3194
1592
2337
1945
529
97
1317
508
4282
3549
4221
4501
4819
1929
4706
4794
1088
4005
1987
1217
1199
328
797
3732
464
3463
3065
4337
999
952
1804
647
2798
1574
498
580
864
832
4013
4055
4308
4341
1058
1296
4606
3434
3647
1245
4968
546
2687
2105
433
3187
1934
2226
168
201
48
4936
2321
555
3822
3109
2984
4270
1540
2344
81
4635
635
4572
1642
3265
418
1946
1499
3980
2146
666
3045
1389
4156
2036
871
187
4095
1408
2618
1701
886
2758
3393
4111
219
5
2136
4614
4358
4521
1030
594
1998
2789
4745
3930
3948
2482
1886
1613
2824
1388
664
3240
332
2994
3468
2938
1181
3734
531
1956
1735
227
4611
3331
4621
4334
3726
991
60
3764
3902
1433
4751
4029
236
4061
4917
4540
428
4211
3766
1614
1819
3380
355
2955
2397
1011
3276
4286
685
653
1559
883
2828
2899
3227
915
2267
1823
828
3636
834
4048
575
1407
3211
3979
1464
4097
320
4251
3933
1745
4289
1545
2503
1954
2198
2327
4217
3191
2088
2986
1670
4293
1566
1595
1486
2692
1772
3951
1760
2016
169
4126
393
150
2438
4099
4558
3321
4372
4795
1711
4669
1051
4796
4732
1999
2341
3966
92
817
2660
3494
4854
4172
1414
1432
1577
2373
2115
4654
2751
4063
2175
2114
1596
4243
4746
4552
3429
304
827
4869
721
1721
4480
1348
1529
12
2988
4476
3901
4697
3670
4010
204
1482
3209
4122
4595
2132
157
2612
3938
917
3043
2326
361
2420
1339
3608
3044
3666
471
96
4030
3627
4261
4791
3076
248
4442
1917
2864
3285
3842
1959
1789
2013
3176
4524
2906
3597
1502
2836
2220
1676
3996
439
2246
1933
3008
2134
430
4804
1048
1543
4398
922
2436
3170
3107
2907
1233
4450
1191
4829
4263
837
3197
4826
3348
1170
4722
4924
1935
4771
783
1637
2415
2515
372
226
38
2461
4355
2331
1939
3018
221
967
1243
2526
4701
843
4001
2044
2837
2103
2963
2999
2626
1420
4774
4567
1262
4147
1
1271
4057
2126
2587
961
1184
111
2661
3580
2483
3962
1932
4205
4717
3630
3787
3283
2713
1538
3097
1560
2516
903
2334
231
3592
86
3495
375
3048
820
2670
984
4247
525
4164
1381
3656
2639
2529
188
1306
136
2579
4761
2792
2456
2553
1263
2764
3457
1552
595
2219
2407
41
3189
4502
4758
3568
2664
366
3439
4489
4258
364
590
4031
3192
756
777
4801
3719
869
4244
1143
242
3437
1445
477
2506
4246
339
2928
2615
515
2577
4853
4899
1744
2324
2111
239
3040
714
4069
4448
928
4306
3789
3509
3342
2031
4467
4415
2632
1501
2024
1364
1214
2316
2395
949
725
3060
1723
2881
835
307
3714
1750
3800
3576
1679
901
3674
3323
299
2838
1285
4848
3131
1303
502
1379
2552
1541
374
1814
1860
2609
3503
4376
4513
2947
2720
2840
1281
139
3203
1621
1134
921
2122
2439
1448
2678
3250
1487
3654
3030
642
1328
3281
469
2790
1523
2782
4191
4177
1239
3165
2164
1832
4169
1791
1824
4483
2266
3538
2702
4638
2135
2493
2157
1394
286
4121
2855
4003
4447
2589
1991
1430
4347
2701
340
4354
175
4948
2170
3525
1419
3198
2151
2472
241
1110
2773
1340
1687
1222
3164
4167
739
3506
3129
3350
3909
1437
2568
4733
4542
3685
1277
2748
1330
4536
113
3975
1106
3931
2603
2089
3459
1221
523
743
3615
4630
4019
2744
4493
1581
4787
4844
4170
4317
3053
476
4583
478
838
3493
4110
4979
3139
1056
3167
2934
703
4827
1248
2485
2565
609
4585
3944
349
2533
3542
1515
3986
2333
4578
581
2051
2176
3249
4197
3213
2667
4136
2148
3489
2730
3260
4107
352
1438
218
3223
979
3882
2575
174
143
257
1109
3317
3387
1373
1912
4386
34
2844
425
3802
1270
1218
4893
716
3208
1861
2540
2086
1105
4798
2593
4768
363
208
3367
2292
4698
969
2582
3890
1707
1061
466
872
28
1667
1600
3059
3366
2876
4655
1423
2689
2699
3134
1225
1801
293
47
2543
2801
3231
1893
3565
2012
1059
2690
4812
1496
898
4026
2072
4119
1705
4838
3847
1410
196
2033
229
1411
2663
4233
1358
3919
1012
3051
4926
3779
3262
4897
2821
3889
1636
57
486
13
3639
853
3389
1609
776
4800
4100
3221
1210
3385
3747
4209
461
1103
445
4564
1623
858
2423
101
3577
3937
850
1793
3403
4266
120
3236
2379
4494
3177
1409
4138
1318
4187
1514
2738
4718
3873
3724
4213
633
1144
20
2750
2169
3916
3611
3330
2519
2404
4969
503
3037
3546
606
3872
4146
1820
1588
66
554
4920
4855
2832
2799
249
232
3609
1549
3381
4103
4685
2958
1547
4060
1964
4591
2077
689
1844
641
2279
2250
3837
40
1776
2081
4710
3958
4902
4453
4470
3379
3200
4895
4723
1112
752
4134
4387
4644
3913
1751
163
4051
3805
2217
1602
3529
542
4183
3623
2400
3136
444
744
4588
3607
1120
3858
192
4989
3797
3149
4668
4860
1209
4428
1087
1000
2083
2499
4414
504
4329
2112
4705
85
4204
3862
3089
2869
4881
3047
2611
2810
4214
2162
1714
2756
1583
4215
1641
4624
254
4678
2340
860
3658
2310
3502
2447
3061
637
4612
1139
450
4207
2507
3326
4240
3886
3641
1308
18
3768
830
877
4151
2554
4561
1111
842
2859
819
3786
1069
2299
3273
2544
2417
2816
1179
3103
1700
2022
1253
108
3619
2613
1157
1884
4345
2960
4081
879
2770
1654
3571
1777
942
2921
2479
3409
95
4824
2709
2265
2808
2873
2117
8
438
100
536
1958
4642
1909
2882
1787
3133
2241
1215
550
2505
767
1977
1473
2318
1831
1241
4517
1842
3063
153
4413
1817
2557
4439
3473
2871
2458
24
1513
4229
3336
4709
4425
2990
948
408
274
2418
1871
2800
1843
1037
3310
1261
2130
3553
1091
4550
11
1603
1055
4399
1435
528
1231
3535
2300
4072
2904
3032
182
870
711
4231
1500
4887
3083
3888
2125
4389
1899
2191
540
4173
1657
3025
1509
1195
209
31
2345
1498
71
3118
107
1161
4889
2777
887
2825
1531
1910
1992
3660
4440
1050
3824
1065
4092
135
1766
3193
936
4894
4659
3637
904
452
3371
1853
1742
729
3454
3106
3927
770
2520
3029
2085
4914
4027
4903
1085
4451
2614
4402
1413
4886
3548
4597
1100
1656
2293
1471
1888
2441
3344
1573
1382
2348
634
3588
3989
2274
4401
2889
2536
1734
4716
2076
761
939
4942
4702
2041
0
323
1451
3781
2383
1767
3130
177
3491
1071
2546
3126
2053
1237
3179
4305
4422
2850
3182
4821
3128
4437
356
1724
2043
4222
4073
836
1177
3004
3865
2382
2008
930
140
4154
4253
517
3701
1578
4196
1425
2259
4947
4590
244
2190
2717
804
3319
2954
4022
1086
778
3792
2258
2952
2950
4676
4556
913
350
2254
3114
4429
2645
519
3819
2476
3239
1164
2539
2401
4130
1528
3978
2537
3693
401
792
3300
4276
2705
4577
3246
3976
1014
1228
98
1183
2486
2578
4946
1418
1494
1856
1075
2659
4742
2492
4888
75
3180
3035
3777
1099
4554
4120
1054
4443
1465
667
30
3382
3521
147
1067
2737
4872
2196
3742
3840
1506
1119
462
746
1576
3706
3520
3798
1347
483
3352
3263
4219
1406
2206
4584
2875
2408
2174
2841
2357
3158
3334
1695
2956
1953
1457
3093
4117
1692
2877
4858
3082
2675
2123
4496
4983
740
631
3679
290
1395
3801
389
1635
3853
1387
4301
2419
1696
1135
3884
4495
638
1443
563
1632
2180
3518
459
1558
3499
3965
4254
3780
963
3831
159
3073
2003
1204
2338
4740
250
891
3252
10
3016
2477
501
3738
4375
3500
625
4182
2631
4078
3590
3270
988
2129
2389
3684
4991
3119
3042
4148
2785
117
3091
4704
956
2070
2437
4632
2574
3876
3214
268
4336
4410
4933
56
1335
2059
1716
4520
4970
2753
1060
3811
1755
225
3827
4607
2095
1315
4940
2367
1906
1417
3936
4272
2729
2769
1644
1073
3705
3072
3828
584
3620
892
3311
3959
2766
4465
1786
2925
2399
2194
4857
424
1611
2802
251
1915
392
2762
587
3386
3297
4050
2959
4098
4998
3469
2649
2783
3653
4484
3914
3589
1739
4076
1938
620
4652
3624
2406
2874
1485
2985
2172
715
292
1136
4275
2460
974
2643
377
4792
1785
3586
1778
1704
2107
243
3092
4478
4549
2465
2590
2866
2807
3280
527
1489
941
718
3216
815
312
1748
4424
1234
230
74
1266
2682
2075
621
2037
4362
1928
3432
2468
2314
2525
2046
3104
415
4186
4370
463
2524
454
4625
3442
4238
4779
2339
2216
1018
592
4959
4553
788
2849
4363
3555
2425
2652
3222
616
4813
1444
2784
1198
2987
4587
2411
701
1510
1922
1035
3918
1732
2977
1650
4636
4232
1651
4039
3422
1265
1495
3731
4396
4339
1083
376
2548
3490
1736
1519
2498
288
1950
132
4841
2930
3448
3050
4674