793
651
310
66
327
596
768
14
123
323
371
856
666
196
636
628
230
862
564
566
838
115
741
611
950
772
589
930
664
962
789
714
639
444
166
588
786
263
495
442
975
784
982
932
934
955
831
953
736
317
161
242
939
112
352
578
460
380
75
965
171
690
128
307
399
617
621
989
459
252
348
697
403
567
976
990
469
203
494
448
928
2
48
688
117
655
246
73
457
956
663
270
539
657
226
846
95
266
504
601
954
79
463
603
824
213
135
570
243
438
434
957
883
756
387
638
1
706
475
479
447
193
775
857
314
443
175
204
510
423
496
958
770
74
925
90
405
624
901
402
216
383
711
341
351
546
23
285
293
488
607
573
613
933
260
231
130
299
507
609
173
228
389
890
537
528
355
28
517
945
318
172
168
183
644
905
8
99
892
140
871
836
113
493
273
631
526
287
474
416
561
322
452
650
100
669
347
397
524
973
278
253
911
587
522
778
499
211
297
914
10
373
729
610
514
338
234
684
77
289
994
568
858
727
107
365
85
68
503
91
518
240
291
185
429
57
985
169
699
752
558
659
38
884
435
280
394
658
992
754
742
938
313
255
662
794
247
55
379
222
411
9
828
342
936
332
935
357
16
626
179
334
65
62
757
210
170
189
583
760
109
869
370
207
353
156
733
160
917
42
454
647
489
96
827
464
835
700
177
720
916
51
271
433
581
972
555
267
550
979
417
870
868
849
81
386
983
635
535
656
312
915
413
361
595
478
547
562
882
904
847
616
891
375
199
859
676
730
385
430
606
466
533
259
818
142
902
98
674
885
192
306
764
803
512
576
767
597
549
103
477
176
326
155
735
665
924
335
726
219
164
465
821
840
853
220
305
860
715
349
974
70
445
356
441
21
406
245
692
122
92
810
237
937
620
235
941
594
593
759
811
709
462
487
446
106
298
792
381
198
205
412
218
719
408
476
157
390
29
58
693
272
108
217
456
152
22
899
843
642
817
481
15
590
492
996
498
249
732
724
76
788
530
907
425
682
378
468
49
579
209
584
40
139
826
718
931
745
895
129
619
36
391
819
265
300
7
529
984
577
761
331
436
138
93
705
84
816
244
744
702
410
382
787
345
964
472
309
968
53
896
813
458
737
717
396
886
200
959
94
506
822
150
521
358
632
497
923
721
233
360
649
400
864
369
545
900
874
320
513
486
707
848
60
224
180
89
834
872
777
17
572
998
143
865
491
258
52
875
384
806
701
681
781
86
523
484
31
785
614
126
301
426
556
995
716
598
841
622
276
969
691
893
643
114
536
739
918
867
304
439
627
582
256
947
69
409
511
236
376
364
133
324
279
825
866
201
541
190
303
679
414
316
148
421
223
689
346
141
852
710
515
738
202
392
749
920
295
671
88
623
158
32
981
46
897
257
538
812
344
625
842
694
746
713
978
80
919
146
967
232
667
753
551
292
508
67
104
482
483
502
734
151
653
921
929
398
251
288
809
652
261
127
612
675
97
225
147
876
703
565
820
132
585
82
366
722
268
20
194
877
4
44
363
880
63
184
997
188
563
174
215
5
807
678
540
490
450
453
19
329
33
6
903
501
863
993
851
750
372
480
927
239
470
461
343
415
330
131
660
633
765
315
505
264
755
374
302
648
845
641
473
13
728
805
943
290
102
790
830
321
798
557
534
802
340
227
791
591
449
889
988
206
359
121
661
695
839
804
960
723
354
319
214
908
991
440
543
3
946
208
485
35
544
747
532
542
553
887
829
181
418
909
776
779
944
966
337
855
751
54
83
296
26
888
500
808
949
559
531
963
45
708
145
740
861
59
605
592
980
467
763
125
119
404
948
668
87
72
586
569
951
159
118
894
602
940
197
61
111
167
154
634
282
162
898
766
311
686
878
552
277
294
419
238
275
105
782
101
922
618
269
50
274
971
646
712
393
837
41
428
942
673
43
254
350
388
368
743
18
516
24
427
520
780
110
801
999
913
600
284
229
879
136
195
283
977
912
339
823
47
362
509
431
262
554
796
670
758
873
178
30
548
748
574
795
149
519
250
186
571
797
629
281
37
654
645
696
455
420
986
769
471
952
637
432
762
704
987
906
698
137
407
212
144
182
124
910
422
221
191
56
25
64
248
525
39
799
771
800
615
683
672
163
0
608
814
773
560
685
815
527
580
401
970
187
328
731
424
844
437
153
12
377
630
687
116
134
832
27
680
34
881
241
725
640
333
677
308
165
451
961
599
575
783
395
854
604
78
367
850
120
286
11
336
774
325
926
833
71